13 88 7
1 1 1 1 1 1 6 1 1 1 5 5 1 6 1 4 5 4 1 5 1 4 1 1 1 1 2 5 3 4 5 2 1 1 7 1 6 1 2 6 1 6 1 1 5 1 1 1 5 3 7 2 1 3 5 5 7 6 1 1 5 1 7 5 5 5 3 2 1 1 1 5 5 5 1 2 2 5 4 5 5 2 1 1 1 2 1 1
0 6 5 0 0 1 3 1 1 6 0 0 0
0 1 0 1 0 1 5 5 2 0 1 0 0
0 4 1 0 0 7 0 6 0 1 0 6 0
0 1 0 0 0 0 0 0 2 5 1 1 0
0 0 0 0 4 1 0 0 1 5 0 0 0
4 0 5 0 0 1 0 0 1 7 4 1 5
0 0 1 0 0 1 5 0 3 0 0 0 0
0 0 0 5 5 5 5 0 1 1 0 0 0
0 1 0 0 2 0 3 2 1 1 5 0 0
0 2 0 0 1 5 3 0 7 6 1 5 1
1 0 1 5 5 5 2 2 2 0 1 7 1
0 0 0 1 0 0 5 5 0 6 0 0 1
0 1 1 0 0 4 0 2 0 0 0 0 0
