16 72 6
1 1 1 1 1 2 2 2 6 3 6 6 5 2 2 5 5 6 6 6 5 6 4 5 6 2 6 1 2 6 4 2 2 6 5 5 6 2 2 5 2 2 6 6 2 3 2 6 2 2 2 2 6 2 6 1 1 5 6 2 5 3 6 1 2 3 2 6 4 2 2 6
0 2 0 5 0 5 4 1 0 6 6 0 0 6 0 0
0 0 0 0 2 0 0 0 0 4 0 0 0 0 0 0
0 6 5 0 0 2 0 1 0 0 0 0 0 0 3 0
0 6 0 0 0 0 0 0 3 0 2 0 0 6 0 0
0 0 0 0 6 0 5 0 0 0 3 0 0 0 0 0
0 2 0 0 0 0 6 0 0 2 0 0 0 6 0 0
0 0 0 6 0 0 1 0 0 0 2 6 2 0 2 0
0 0 2 0 0 0 0 6 2 0 0 0 0 0 0 0
5 0 0 0 0 2 0 0 0 0 0 0 0 6 2 0
0 0 0 2 2 0 0 6 0 0 0 5 0 0 2 2
0 0 0 0 0 0 6 0 0 5 0 0 0 0 0 0
0 0 2 0 0 6 2 0 0 0 0 0 0 0 5 0
0 0 0 0 0 0 6 0 0 0 3 0 0 0 0 0
0 2 0 0 0 6 0 6 0 0 0 0 0 0 2 0
0 0 2 5 0 0 0 0 0 0 0 1 0 0 0 2
0 5 0 0 4 0 2 0 6 6 0 0 0 2 0 0
