15 8 2255
00000000000000
00000000000000
00000000000000
00000000000000
00100000000000
00100000000000
10100000000000
10100000000000
10100000000000
10100001000000
10100100000000
10100100000000
10100000000000
10100000000000
10100000000000
000000000000000
000000000000000
000000000000000
000000000000000
000000011111111
000111000011111
000000000000000
000000000000000
000000000000000
000000111111111
000000000000000
000000000000000
000000000000000
000000000000000
4 7 14 0
2 0 2 1
8 2 11 10
4 10 7 11
9 5 4 11
13 0 7 6
4 3 14 6
9 2 5 6
