15 13 4228
11000000001101
10000000001001
10001000000001
10001000000001
00001000100001
00001000100001
00001000100001
00001000100001
00000000101001
00000000101001
00000000101001
00000000101000
00000000101000
00000000101000
00000000100000
000000000000000
000000000000000
000000000000000
000000000000000
000000000000000
000000000000110
000000000000000
111111000000010
000000000000000
000000000000000
000000000000000
000000000000000
000000000000000
000000000111100
3 5 4 5
0 10 13 3
2 11 4 6
14 5 7 13
14 14 9 7
13 4 4 10
8 14 3 7
11 4 6 12
13 0 4 14
0 2 7 7
5 14 7 14
4 4 2 6
12 7 12 6
