15 17 1006
11000000000000
01000000000000
01000000000000
01000000000000
01000000000000
01000000000000
01000000000000
01000000000000
00000000000000
00000000000000
00000000000000
00000000000000
00000000000000
00000000000000
00000000000000
000000000000000
000000000000000
000000000011111
000000000000000
000000000000000
000000000000000
100000000000000
000000000000000
000000000000000
000000000000000
000000000000000
000000000000000
000000000000000
000000000000000
12 0 6 5
8 9 11 0
3 11 2 9
7 10 11 14
4 9 8 13
14 6 5 9
5 6 13 6
0 9 14 10
11 13 12 11
9 5 6 10
9 11 8 14
10 6 13 12
11 2 12 14
7 6 5 4
13 9 2 5
7 3 2 7
0 4 10 11
