17 19 7605
0000000000000000
0000000000000000
0000000000000000
0100000000000000
1100000000000000
1100000000000000
1100000000000000
1100000000000000
1100000000000000
1100000010000000
1100000010000000
1000000010001000
1000000010001000
1000000010001000
1000000010001000
1000001010001000
1000001010001000
11111111111111110
00000000000000000
11111111111100000
00000000000000000
00000000000000000
00000000000000000
00000000000000000
00000000000000000
00000000000001111
00000000000000000
00000000000000000
00000000000000000
00000111100000011
00000000000000000
00000000000000000
00000000000000000
7 11 14 6
3 0 9 4
7 10 10 1
10 11 4 2
14 2 0 14
1 11 4 6
2 8 11 4
10 12 5 10
6 1 15 2
5 15 3 16
13 4 6 5
13 2 0 11
5 0 7 1
1 1 16 16
11 3 4 15
0 1 16 2
3 1 12 10
1 2 1 14
2 7 2 12
