17 27 10658
0000000000000000
0000000000000000
0000000000000000
0000000000000000
0000000000000000
0000000000000000
0000000100000000
0000000100000000
0000000100000000
0000000100000000
0000000100000000
0000000100000000
0000000100000000
0000000100000000
0000000100000000
0000000100000000
0000000100000000
00000000000000000
00000000000000000
00000000000000000
00000000000000000
00000000000000000
00000000000000000
00000000000000000
00000000000000000
00000000000000000
00000000000000000
00000000000000000
00000000000000000
00000000000000000
00000000000000000
00000000000000000
00000000000001111
0 9 10 14
2 9 15 7
13 8 3 12
5 10 12 6
11 14 10 8
4 3 16 11
15 1 0 3
4 13 8 11
1 10 11 8
6 5 7 12
4 7 5 7
7 9 12 15
7 3 13 6
4 4 7 14
14 12 8 15
15 4 6 3
10 16 15 12
7 7 12 5
8 14 13 5
6 8 1 6
0 6 0 14
7 6 8 5
5 2 6 6
16 14 12 16
9 15 10 9
10 2 13 11
3 0 10 11
