20 11 1661
0000000000000000000
0000000000000000000
0000000000000000000
0000000000000000000
0100000000000001000
0000000000000000000
0000000001000000000
0000000001000000000
0000000001000000000
0000000001000000000
0000000000000000000
0000000000000000000
0000000000000000000
0000000000000000000
0000100000000000000
0000100000000000000
0000100000000000001
0000100000000000001
0000000000000000001
0000000000000000001
01111111111111111111
00000000000000000000
00000000000000000000
00111111111111111110
11111111111110000000
00000001111111111111
00000000000000000000
00000000000000000000
00000000000000000000
00000000000000000000
00000000000000000000
00000000000000000000
11111111111110000000
00001111111111111111
00000000000001111111
00000000000000000000
00000000000000000000
00000000000000000000
00000000000000000000
8 7 10 15
13 5 10 4
14 19 5 10
15 0 15 15
19 16 4 16
16 18 10 0
9 15 7 9
2 9 11 3
14 11 12 19
8 13 7 16
8 15 8 8
