19 37 22468
010100000010000000
010100000010000000
010100000000000000
010100000000000000
010100000000000000
010100000000000000
010100000000000000
000000000000000000
000000000000000000
000000000000000000
000000000000000000
000000000000000000
000000000000001000
000000000000001000
000000000000000000
000000000000000100
000000000000000100
001000000000000100
001000000000000100
0000000000000000000
0000000000000000000
0000000000000000000
0000000000000000000
0000000000000000000
0000000000000000000
0000000000000000000
0000000000000000000
0000000000000000000
1111111111000000000
0000000000000000001
1111111000000011111
1111111100000000000
0000000000000000000
1111111111111100000
0000000000000000000
0000000000000000000
0000000000000000000
15 9 10 15
9 7 9 2
1 3 9 12
8 7 9 0
15 7 11 3
4 6 16 16
1 15 16 1
17 7 8 6
10 9 4 9
7 10 6 9
1 18 3 10
5 12 5 5
9 15 7 1
0 16 9 8
17 8 6 0
18 4 4 15
6 17 2 2
14 6 17 0
11 14 12 11
4 1 17 9
12 3 15 16
13 7 0 18
13 0 3 8
14 10 14 17
15 12 2 7
4 11 3 9
16 10 12 4
14 14 8 3
16 5 5 9
16 11 2 12
16 9 5 4
14 8 11 12
0 5 1 12
15 5 5 3
1 2 6 1
12 5 6 13
16 6 6 3
