17 13 6010
0000100000000000
0000100000000000
0000100000000000
0000100000000000
0000100000000000
0000100000000000
0000100000000000
0000100000000000
0000100000000000
0100100100000000
0100000100000000
0100000100000000
0100000100000000
0100000100000000
0100000100000000
0100000100000000
0000000000000000
00000000000000000
00000000000000000
00000000000000000
00000000000000000
00000000000000000
00000111100000000
00000000000000000
00000000000000000
00000000000000000
00000000000000000
00000000000000000
00000000011111111
00000000000000000
00000000000000000
00000000000000000
11111111111111110
4 9 7 8
15 8 11 14
3 16 13 0
16 16 2 10
13 9 7 5
8 11 3 5
2 3 15 10
9 14 11 4
6 1 0 13
10 15 2 14
4 8 7 14
5 8 8 10
5 10 1 4
