20 19 13166
0000100001011000100
0000100001011000100
0000100001011000100
0000100001010000100
0000100000010000100
0000100000010000100
0000100000010000100
0000100000010000100
0000100000010001100
0000100000010001100
0000100000000001100
0000100010000001100
0000000010000001100
0000000010000001000
0000000010000101000
0000000010000101000
0000000010000101000
0000000010000101000
0000000010000000000
0000000010000000000
00000000000000000011
00000000000000000000
00000000000000000000
00000100000000000000
00000000000000000000
11000000000000000000
00000000000001111000
00000000000000000000
00000000000000000000
00000000000010000000
00000000000000000000
11110000000000000000
00000000000000000000
00000000000000000000
00011111100000000000
00000000000000000011
00000000000000000000
00000000001111111111
11110000000000000000
11 1 14 18
12 15 11 18
5 12 16 4
18 19 14 1
11 11 1 10
5 15 16 18
19 16 9 8
5 13 16 11
12 0 17 18
17 19 3 11
4 5 4 18
6 17 18 10
16 12 0 5
18 7 9 5
10 8 3 7
9 3 3 8
7 9 3 16
3 15 4 2
2 14 14 6
