16 19 2653
000000001100000
000000001100000
000000001100000
000000001000010
000000001000010
000000001000010
000000001000010
000000001000010
000000000000010
000000000000010
000000000000010
000000000000000
000000000000000
000001000100000
000001000100000
000001000100000
0000000000000000
0000000000000000
0000000000000000
0000000001000000
0000000000000000
0000000000000100
0000000000000000
0000000000000000
0000000000000000
1111111111000000
0000000000000111
1111111110000000
0000000000000000
0000000000000000
0000000000000000
8 10 1 0
8 12 4 15
3 3 4 7
5 6 7 7
10 14 9 14
11 0 3 12
3 5 13 12
4 3 9 0
8 4 6 13
12 0 9 9
6 15 12 13
5 5 8 0
11 3 6 4
4 14 9 11
0 13 2 2
0 5 12 7
4 4 8 14
11 1 7 6
9 13 0 8
