16 31 13360
010000000000000
010000000000000
010000000000000
010000000000000
010000010000000
010000010011000
010000010010000
010000010010000
010000010011000
010000000011000
010000000000000
000000000000000
000000000000001
000000000000001
000000000000001
000000000000000
0000000000000111
0001111111111111
0000000000000000
0001111111111111
0000000000000000
0000000000001111
1010000000000000
0000000000000000
0000000000000000
0001111111111111
0000000000000000
1111111000000000
0000000000000000
0000000000000000
1111111111111110
14 5 4 4
10 1 13 4
5 11 2 11
11 6 5 15
13 7 3 1
4 6 1 1
9 14 3 2
7 11 4 2
12 8 1 8
4 11 12 15
8 0 15 9
4 9 1 12
9 9 2 8
12 2 0 9
7 0 4 0
6 14 10 10
0 13 11 9
3 9 12 11
2 6 7 6
3 15 14 0
6 7 15 6
1 15 14 2
15 0 12 0
4 13 3 3
0 5 5 7
6 1 4 8
11 7 14 7
6 6 7 5
10 0 7 3
0 4 15 2
7 10 8 10
