19 11 1652
000000001000000000
000100001000000000
000100001000000001
000001001000000001
010001010000000001
010001010000000000
010001010000000000
010001010000000000
010001010000000000
010001010000000000
010000011000000000
010000000000001100
000000000000000100
000000000000000100
000000000000100100
000000000000100000
000000000000100000
000000000000000000
000000000000000000
0000000000000000000
0000000000000000000
1111110000000000000
0001110000000000000
0000000000000000011
0000000000000000000
0000000000000000000
0000000000000000000
0000000000000000000
0000000000000000000
0000000111111111111
1100000000000000000
0000000000000000000
0000000000000000000
0000000000000000000
0000000000000000000
0111111111111111111
1111100000000000000
6 7 13 7
18 2 10 10
7 5 10 5
13 2 14 8
16 8 0 10
5 16 2 1
3 13 12 15
15 6 5 5
15 10 18 7
14 1 14 0
15 5 1 12
