20 15 10111
0000000000000000011
0000000000000000011
0000000000000000011
0000000000000010011
0000000000000010011
0000000000000010001
0000000000000010001
0000000000000010001
0000000000000010001
0000000000000010001
0000000000000010001
0000000000000010001
0000000000000010001
0001000000000010001
0001000000000010001
0001000000000010001
0000000000000000001
0000000000000000000
1000000000000000000
1000000000000000000
00000000000000000000
00000000000000000000
00000000000000000000
00000000000000000000
00000000000000000000
00000000000000000000
00000000000000000000
00000000000000000000
00000000000000000000
00000000000000000000
00000000000000000000
00000000000000000000
00000000000000000000
00000000000000000000
00000000000000000000
11111111111111110000
00000000000000000000
00000000000000000000
00000000000000000000
1 7 15 9
8 3 11 10
10 12 0 9
18 14 1 19
4 8 18 19
11 18 11 17
17 4 7 19
18 12 2 1
12 17 4 0
19 10 8 7
9 9 19 9
6 0 12 6
2 18 1 13
16 15 8 0
17 7 6 9
