14 14 879
0001000000000
0001000000000
0001000000000
0001000000000
0001000000000
0000000000000
0000000000000
0000000000000
0000000000000
0000000000000
0000000000000
0000000000000
0000000000000
0000000000000
00000000000000
00000000000000
00000000000000
00000000000000
00000000000000
00000000000000
00000000000000
00000000000000
00000000000000
00000000000000
00000000000000
00000000000000
00000000000000
4 8 12 13
5 8 6 12
4 4 5 10
2 9 7 6
3 0 2 5
11 0 5 2
2 13 13 6
1 2 10 7
10 5 0 10
2 4 12 9
3 10 9 12
8 12 12 2
6 13 5 5
10 2 1 4
