18 35 14847
00000000100000000
10000000100000000
10000000000000000
00000000000000000
00000000000100000
10001000000000000
10001000000000000
00000000000000000
00000000000000000
00000000000000000
00000000000000000
00000000000000000
00000000000000000
00000000000000000
00000000000000000
00000000000000000
00000000000000000
00010000000000000
000000000000000000
000000000000000000
111111110000000000
000011111111111111
000000000000000000
011000000000000000
111111000000000000
000000000000000000
000000000000000000
000000000011111111
111111100000000000
111111111111100000
000000000000000000
000000000000000000
111111111111111000
000000000000000000
000000000000000000
16 15 14 2
2 14 2 15
14 1 6 12
0 0 4 16
2 0 17 4
0 17 12 11
11 17 1 13
11 5 10 16
1 17 11 13
6 17 1 15
11 12 16 11
11 7 12 13
2 9 15 12
5 14 17 8
14 12 10 10
0 9 3 6
16 1 16 8
8 8 3 15
9 15 5 12
3 7 8 4
8 14 2 13
1 3 5 16
1 8 17 2
5 17 12 14
7 3 9 13
12 0 15 8
4 7 16 12
2 3 7 11
11 6 14 14
8 3 3 12
4 8 3 8
12 5 3 0
15 4 3 11
8 15 6 15
3 4 16 16
