18 29 5122
00100000000000000
00100000000000000
00100000000000000
00100000000000000
00100000000000000
00100000000000000
00100000000000010
00100000000000010
00000000000000000
00000000000000000
00000000010000000
00000000010000000
00000000010000000
00000000010000000
00000000010000000
00000000010000000
00000000010000000
00000000010000000
000000000000000000
000000000000000000
000000000000000000
000000000000000000
000000000000000000
000001111111111111
000000000000000000
000000000000000000
111111111111110000
000000000000000000
000000000000000001
000000000000000000
000011111100000000
111110000000000000
000000000000000000
000000000000000000
111111110000000000
2 3 7 6
5 17 16 13
2 9 4 9
1 10 7 9
13 5 10 5
2 14 16 3
14 15 8 13
17 5 3 2
0 15 5 8
4 1 16 11
15 2 0 8
16 14 4 12
12 17 4 2
15 15 13 13
3 5 4 11
1 11 2 17
13 14 1 15
12 10 11 12
7 17 9 14
3 12 16 10
7 4 3 8
8 17 17 8
6 3 8 1
9 8 14 13
5 5 10 9
7 1 12 1
0 17 4 10
15 8 12 4
15 4 6 10
