13 18 1416
000101000000
000101000000
000101000000
000101000000
000001000000
000001000000
000001000000
000000000000
000000000000
000000000000
000000000000
000000000000
000000000000
0000000000000
0000000000001
0000000000000
0000000000000
0000000000000
0000000000000
0000000000000
0000000000000
0000000000000
0000000000000
0000000000000
0000000000000
1 3 5 1
6 6 3 5
11 1 9 7
5 3 0 11
11 4 4 11
6 4 4 5
10 2 4 7
10 8 10 3
3 1 8 2
2 0 4 9
10 11 1 10
5 10 2 8
4 4 3 12
5 4 4 10
6 5 3 9
12 12 4 6
5 7 8 7
2 9 5 5
