18 26 1555
00010000000000000
00010000000000000
10010000000000000
10000000000000000
00000000000000000
00000000000000000
00000000000000000
00000000000000000
00000000000000000
00000000000000000
00000000000000000
00000000000000000
00000000000000000
00000000000000000
00000000000000000
00000000000000000
00000000000000000
00000000000000000
000000000000000000
000000000000000000
000000000000000000
111100000000000000
000000000000000000
000000000000000000
000000000000000000
000000000000000000
000000000000000000
000000000000000000
000000000000000000
000000000000000000
000000000000000000
000000000000000000
000000000000000000
000000000000000000
000000000000000000
9 4 8 2
16 14 3 11
2 9 17 7
13 6 14 17
3 14 3 2
1 5 2 11
12 7 16 12
4 1 7 0
14 2 2 7
3 7 15 11
14 16 6 8
3 5 2 14
0 13 16 7
10 1 16 3
7 15 4 13
5 16 17 12
11 7 11 9
8 14 5 10
11 10 7 9
8 16 16 8
9 8 6 1
13 12 14 4
3 8 6 5
12 4 13 4
14 3 11 12
4 9 15 10
