16 10 1905
000000000000000
000000000000000
100000001000001
110000001000001
110000001000001
110000001000001
110100001000001
111100001000001
111100001000001
111100011000001
111100010000001
111100010000001
111100000000000
111100000000000
011100000000000
011100000000000
0000000000000000
1111111111111001
0011111000000000
0000000000000000
0000000000000000
0000000000000110
0000000000000000
0000000000000000
0000000010000000
0000000000000000
0000000000000000
0000000000000000
0000000000000000
0000000000000000
0000000000000000
3 1 1 2
13 8 1 14
7 7 10 15
15 8 5 5
13 0 12 13
7 0 7 12
13 14 5 10
12 0 6 1
0 10 13 6
8 8 15 7
