15 12 1060
01001011011000
01001011011000
01001011011000
01001011011000
01001001011000
01001001001000
01001001001000
01001101001000
01001100001000
01001100001000
01000100000000
01000100000000
00000100000000
00000100000000
00000100000000
000000000000000
000000000000000
000000000001110
000000000000000
000000000000000
000000000110000
000000000000000
000000000000000
000000001110000
000000000000000
000000000000000
000000000000000
000000000000000
000000111110000
8 0 7 6
14 9 1 1
0 1 2 6
8 5 11 2
0 2 3 2
5 2 1 5
10 13 6 14
1 8 14 8
10 0 13 14
4 14 0 5
5 4 4 10
4 3 1 0
