15 25 3691
00000000000000
00000000000000
00000000000000
00000000000000
00000000000000
00000000000000
00000000000000
00000000000000
00100000000000
00100000000000
00100000000000
00100000000000
00100000000000
00100000000000
00100000000000
000000000000000
000000000000000
000000000000000
000000000000000
000000000000000
000000000000000
000000000000000
000000000000000
000000000000000
000000000000000
000000000000000
000000000000000
000000000000000
000000000000000
3 0 3 12
8 6 7 0
8 7 4 4
12 0 9 1
0 12 5 8
11 0 13 10
1 14 4 2
8 4 10 9
1 5 7 6
5 12 4 10
2 2 2 10
5 14 10 3
5 9 9 6
1 12 11 8
0 6 4 0
3 8 12 2
5 4 1 2
2 8 6 2
10 1 3 6
3 11 4 8
3 13 11 11
12 11 12 5
13 1 4 13
11 4 1 6
3 1 12 9
