18 15 2669
00000000000000000
00000000000000000
00000000100000000
00000000100000000
00000000000000000
00000000000000000
00000000000000000
00000000000000000
00000000000000000
00000000000000000
00000001000000000
00000001000000000
00000001000000000
00000101000000000
00000101000000000
00000101000000000
00000101000000000
00000100000000000
000000000000000000
000000011111111111
000000000000000111
111111000110000000
000001111111111111
000000000000000000
000000000000000000
000000000000000000
000000000000000000
011111111111111111
000000000000000000
000000000000000000
000000000000000000
000000000000000000
000000000000000000
000000000000000000
000000000000000000
13 9 12 8
8 15 8 16
17 5 13 8
12 16 16 4
7 6 15 14
2 2 16 15
6 12 17 9
8 1 7 15
9 3 3 6
7 8 13 11
8 12 1 8
1 1 6 14
11 5 4 12
15 13 14 0
17 12 0 9
