16 9 3847
000000100000000
000000100000000
000000100100000
000000100100000
000000100100000
000000100100000
000000100100000
000000100100000
000000100100000
000000100100000
000000100100000
100000100100000
100000000100000
100000000100000
100000000100000
100000000100000
0000000000000000
0000000000000000
0000000000100000
0000000000000000
0000000000000000
0000000000000000
0000000000000000
0000000000000000
0000000000000000
0000000000000000
0000000000000000
0000000000000000
0000000000000000
0000000000000000
0000000000111000
6 6 11 15
13 6 4 15
4 0 2 7
15 6 2 10
6 9 6 0
5 2 6 11
15 11 3 2
12 9 12 0
1 11 6 7
