14 27 2915
0000000000000
0000000000000
0000000000000
0000000000000
0000000000000
0000000000000
0000000000000
0000000000000
0000000000000
0000000000000
0000000000000
0000000000000
0000000000000
0000000000000
00000000000000
00000000000000
00000000000000
00000000000000
00000000000000
00000000000000
00000000000000
00000000000000
00000000000000
00000000000000
00000000000000
00000000000000
00000000000000
13 12 13 0
2 4 2 13
8 8 10 3
1 4 6 12
10 5 7 6
10 8 7 1
11 3 11 6
1 9 6 5
12 8 6 4
9 7 6 2
1 11 5 9
9 13 1 5
8 2 12 7
4 2 3 9
3 12 8 10
3 7 13 7
9 6 8 1
6 9 3 1
0 3 4 12
12 1 2 8
13 10 4 8
5 12 12 11
1 13 10 10
5 7 9 11
10 11 2 1
0 8 9 3
10 9 6 13
