14 26 4388
0000000000000
0000010000000
0000010000000
0000110000000
0000110000110
0000110000010
0000110100010
0000110000010
0000110000010
0000110000010
0100110000000
0100110000000
0100110000000
0100110000000
00000000000000
00000000000000
01111000000000
00000011011111
00001000000000
00000000000000
00000011100000
00000000000000
00000000000000
00000000000000
00000011111110
00000000000000
00000000001111
4 7 4 6
4 3 13 4
12 5 9 3
6 8 2 0
7 10 2 11
6 13 11 13
8 6 4 8
11 1 3 6
12 10 12 12
1 12 6 7
0 12 12 9
1 13 6 9
7 1 9 4
11 2 11 9
13 6 5 10
9 11 7 13
8 1 3 10
5 12 0 8
1 4 0 11
0 6 3 12
13 8 5 4
12 7 2 6
2 8 4 1
1 6 10 4
3 7 11 10
11 6 4 9
