13 18 2366
000100000000
000100000000
000000000000
100000000000
100000000000
100010000001
100010000001
100010000001
100010000001
100010000001
100010010001
100010010001
100010010001
0000000000000
0000000000000
0000000000000
0000000000000
0000000000000
0000000000000
0000000000000
0000000000000
0000000000000
0000000000000
0000000000000
0000000001110
7 8 1 8
10 3 6 11
12 8 12 0
9 11 0 3
10 7 11 9
8 3 5 6
2 5 6 1
8 5 2 11
12 4 10 9
0 9 2 2
10 11 8 11
0 4 9 0
12 10 11 1
1 3 9 12
8 9 6 7
11 3 0 5
3 7 7 6
2 7 5 11
