20 13 5112
0000000000000000000
1000000000000000000
1000000000000000010
1000000000000000010
1000000000000000010
1000000000000000010
1000000000000000010
1000000000000000011
1000000000000000011
1000000000000000011
1000000000000000011
1000000000000000011
0000000000000000000
0000000100000000000
0000000100000000000
0000000100000000000
0000000100000000000
0000000100000000000
0000000100000000000
0000000000000000010
01111111111000000000
00000000000000000000
00000000000000000000
00000000000000000000
11111111111110000001
00000000000000000000
00000000000000000000
00000000000000000000
00000000000000000000
00000000000111111100
00000000000000000000
00000000000000001111
00000000000000000000
00000000000000000000
00000000000000000000
10000000000000111111
00000000111111100000
00000000000000000000
01111111111111111100
19 2 10 4
8 0 16 8
17 12 8 17
8 14 0 4
7 12 13 14
1 4 6 9
15 15 5 16
10 8 13 16
9 14 1 5
19 18 5 0
9 7 18 4
15 18 18 17
4 0 2 12
