15 17 3206
01010001100000
00010000100000
00000001100000
00000001100000
01000001100000
01000001100000
01000001100000
01000011100000
01000001100000
01000001000001
01000001000001
01000001000001
01001001000001
01001001000001
01001001000001
000000000000000
000000000000000
000000000000000
000000000000000
000000000000000
000000000000000
000001110000000
000000000000000
000000000000000
001000000000000
000011110000000
000000000000000
000000000000000
000000000000000
0 5 2 2
6 6 1 12
12 11 6 11
5 11 11 8
10 5 2 0
9 2 1 6
0 3 2 9
6 0 6 5
9 3 1 4
14 0 7 3
7 14 4 6
3 10 11 5
10 10 14 11
5 6 4 4
4 7 10 11
1 1 7 8
1 13 14 12
