19 15 2799
000101000001000000
000101000001000000
000101000001000000
000101000001000000
000101000001000000
000101000101000000
000100001101000000
000100001101000000
000100001101000000
100100001100000000
100100001100000000
100100001100000000
100100001100000000
100100001100000000
100100001100000000
100100001100000000
100000001100000000
100000001100000000
100000001100000000
0000000000000000000
0000000000000000000
0000000000000000000
0000000000000000000
0000000000000000000
0000001000000000000
0000011110000000000
0001000000000000000
0000000000000000000
0000000000000000000
0000000000000000000
0000000000000000000
0000000000000000000
0000000000000000000
0000000000000000000
0000000010000000000
0000111110000111111
0000000000000000000
10 13 15 7
12 3 16 10
13 16 0 2
1 8 7 4
8 11 16 6
7 1 15 5
11 0 9 0
14 1 10 3
15 11 15 15
0 4 3 18
4 0 1 5
5 15 0 17
4 8 3 2
9 2 4 10
2 1 1 7
