18 21 3109
00000100000100010
00001100000100010
00001100001000010
00001100001000010
00001100001100010
00001000001100010
00001000001100010
00001000001100010
00001000001100010
00001000001100010
00001000001100010
00001000001100010
00001000001100010
00001000001100010
00001000000100010
10001000000100010
10001000000100010
10001000000100000
000000000000000010
000000000110000000
000000000000000000
000000000000000000
000000000000000000
000000000000000000
000000011110000000
111100000000000000
000000000000000000
000000000000000000
000000000000000000
000000000000000000
000000000000000100
000000111111000000
000000000000000000
000000000000000000
000010000000000000
11 16 7 17
8 13 4 16
14 11 5 9
12 7 1 13
7 2 7 0
3 15 10 0
1 14 4 13
8 4 17 17
10 17 13 16
2 1 15 11
5 14 2 12
9 8 16 9
6 13 14 0
1 15 4 6
12 12 6 3
9 9 11 7
6 0 15 3
2 16 17 8
14 5 7 14
0 7 2 13
9 2 1 0
