16 11 790
000000000000000
000000000000000
000000000000000
000000000000000
000000000000000
000000000000000
000000000000000
000000000000000
000000000000000
000000000000000
000000000000000
000000000000000
000000000000000
000000000000000
000000000000000
000000000000000
0000000000000000
0000000000000000
0000000000000000
0000000000000000
0000000000000000
0000000000000001
0000000000000000
0000000000000000
0000000000000000
1111111111111000
0000001111111111
0000000000000000
0000000000000000
0000000000000000
0000000000000000
2 6 8 1
14 7 1 7
8 10 10 8
6 3 12 0
8 3 9 7
8 14 8 6
11 2 12 3
8 15 2 8
6 10 3 9
12 9 5 5
3 8 8 2
