15 11 2407
01100000000000
01100000000000
00100000000000
00100000000000
00100000000000
00100000000000
00100000000000
00100000000000
00100000000000
00100000000000
00100000000000
00000000000000
00000000000000
00000000000000
00000000000000
000000000000000
000000000000000
000000000000000
000000000000000
000000000000000
000000000000000
000000000000000
000000000000111
000000000000000
000000000000000
000000000000000
000000000000000
000000000000000
000000000000000
2 6 0 0
3 3 12 2
6 13 2 13
8 8 9 8
4 3 2 2
3 9 11 7
4 2 0 10
14 14 6 2
14 11 4 6
9 0 11 0
8 12 7 2
