20 35 4511
0000000000000000000
0000000000000000000
0000000000000000000
0000000000000000000
0000000000000000000
0000000000000000000
0000000000000000000
0000000000000000000
0000000000000001000
0000000000000001000
0000001000000001000
0000001000000001000
0000001000000001000
0000001000000001000
0000001000000001000
0000001000000001000
0000001000000001000
0000001000000001000
0000001000000000000
0000001000000000000
00000000000000000000
00000000000000000000
00000000000000000000
00000000000000000000
00000000000011111111
00000000000000000000
00000000000000000000
00000000001111111111
00000000000000000000
00000000000000000000
00000001111100000000
00000000000000000000
00000000000000000000
00000000000000000000
00000000000000000000
00000000000000000000
00000000000000000000
00000000000000000000
00000000000000000000
16 15 11 18
0 7 9 6
6 11 10 5
10 15 10 1
1 10 12 6
6 2 6 10
8 17 1 8
8 19 8 3
2 10 2 12
16 4 0 0
1 13 5 14
11 12 13 10
0 19 17 19
7 9 17 8
1 14 4 11
2 14 17 7
7 3 5 8
2 15 14 16
18 6 13 13
3 13 15 3
7 8 17 17
19 0 2 18
0 8 3 3
6 15 7 1
19 12 16 3
17 10 10 0
3 14 7 17
16 13 4 9
5 18 11 6
1 6 7 5
18 12 12 19
14 14 6 4
3 0 6 18
1 0 14 1
14 4 3 5
