15 19 2256
00000000010000
00000000010000
00000000010000
00000000010000
00000000010000
00000000010000
00000000010000
00000000010000
00000000000000
00000000000000
00000000000000
00000000000000
00000010000000
00000010000000
00000000000000
000000000000000
000000000001111
000000000000000
000000000000000
000000000000000
000000000000000
000000000000000
000000000000000
000000000000000
000000000000000
000000000000000
000011111111111
000000000000000
000000000000000
2 4 9 10
12 14 0 8
0 12 0 1
8 12 2 6
10 3 2 0
0 13 12 13
5 0 1 11
13 6 13 0
13 12 4 10
1 1 5 3
1 0 2 12
7 5 7 2
3 0 5 14
14 11 11 4
14 10 4 2
11 0 7 1
0 2 5 4
12 12 11 11
2 5 10 10
