17 29 15440
0000001000000000
0000001000000000
0000001000000000
0000001000000000
0000001000000000
0000001000000000
0000001000000000
0000101000000000
0000101000000000
0000100000000000
0000100000000000
0000100000000000
0000100000000000
0000100000000000
0000100000000000
0000100000000000
0000100000000000
00000000000000000
00000000000001111
00000000000000000
00000000000000000
00000000000000000
00000000000000000
00000000000000000
00000000000000000
00000000000000000
00000000000000000
00000000000000000
00000000000000000
00000000000000000
00000000000000000
00000000000000000
00000000000000000
1 15 15 9
8 2 15 3
12 8 2 1
6 14 7 8
11 9 10 5
16 1 7 15
0 13 1 16
4 2 0 16
1 9 5 5
16 5 5 8
13 10 13 16
13 13 14 11
14 10 3 14
5 3 2 13
7 14 6 16
15 8 15 2
11 14 5 9
15 4 2 0
12 7 5 15
7 7 6 5
8 4 8 0
10 1 9 13
16 3 0 7
9 1 5 10
2 4 12 15
1 11 11 11
16 7 1 5
4 12 12 3
4 11 16 12
