17 23 2282
0100100000000000
0100100000000000
0100100000000000
0100100000000000
0100100000000000
0100100000000000
0100100000000000
0100100000000000
0100100000000000
0100100000000000
0100000000000000
0100000000000000
0000000000000000
0000000000000000
0000000000000000
0000000000000100
1000000000000100
00000000000000000
00000000000000001
00000000000000000
00000000000000000
00000000000000000
00001000000000000
00000000000000000
00000000000000000
00000000000000000
00000000000000000
00000000000000000
00000000000000000
00000000000000000
00000000000000000
00000000000000000
00000000000000000
11 12 1 14
6 1 12 16
12 2 14 13
5 13 12 4
6 15 4 8
11 11 16 8
6 6 2 4
9 11 15 1
0 0 2 10
5 9 1 1
12 5 2 3
11 0 13 8
4 14 6 4
2 15 5 14
7 12 3 8
13 0 3 2
2 2 14 16
12 15 6 3
7 9 1 11
11 10 12 11
12 1 5 3
5 11 6 16
10 15 1 0
