19 35 17806
001010000000000000
001010000000000000
001010000000000000
000010000000000000
000010000000000001
000010000000000001
000010000000000001
000010000000000001
000010000000000001
000010000000000011
000010000000000101
000010000000000101
000010000000000101
000010000000000101
000010000000000101
000000000000000101
001000000000000101
001000000000000101
001000000000000001
0000000000000000000
0000000000000000000
0000000000000000000
0000000000000000000
0000000000000000000
0000000000000000000
0000000000000000000
0000000000000000000
0000000000000000000
0000000000000011110
0000000000000000000
0000000000000000000
0000010000000000000
0000010000000000000
0000000000000000000
1100000000000000000
0000000000000000000
0000000000000000000
12 8 3 10
11 16 6 12
18 16 16 3
10 12 6 5
12 1 10 5
4 7 10 6
6 0 11 6
15 11 17 8
17 7 15 1
18 10 18 2
9 16 11 9
3 5 1 11
15 10 18 13
6 1 8 15
17 5 16 13
15 6 3 1
1 7 16 6
9 13 15 0
9 3 13 8
10 0 10 16
13 0 0 13
8 10 16 18
1 10 18 4
1 12 4 14
4 11 13 10
6 16 4 17
14 7 5 10
10 3 14 14
4 2 12 0
13 18 6 6
5 12 8 8
9 1 4 3
12 15 13 3
8 11 11 11
5 5 18 18
