16 9 3537
000000000000000
011100000000000
011000000000000
011000000000000
000000000000000
000000000000000
000000000000000
000000000000001
000000000000001
000000000000001
000000000000001
000000000000001
001000000000001
001000000000001
001000000001000
000000000000000
0111111111111111
0000000000000000
0001111000000000
0000000000000000
0000000111111111
0000000000000000
0000000000000000
1111111111000000
1111110000000000
0000000000000000
1111100000000000
1111111111000000
0000000000000000
0000000001111111
0000000000000000
1 1 14 4
12 7 15 9
6 10 0 6
11 5 11 15
11 7 1 3
5 9 6 1
11 0 5 2
9 13 12 3
2 13 7 4
