20 30 4324
0000000000000000000
0000000000000000000
0000000000000000000
0000000000000000000
0000000000000000000
0000001000000000000
0000000000000000000
0000000000000000000
0000000000000000000
0001000000000000100
0001000000000000100
0001000000000000100
0001000000000000100
0001000000000000100
0001000000000000100
0000000000000000100
0000000000000000100
0000000000000000100
0000000000000000100
0000000000000000000
00000000111111111111
00000000000000000000
00000000000000000000
00000000000000000000
11111111111110000000
00000000000000000000
00000000000000000000
00000000000000000000
00000011111111111111
10000000000000000000
00000000000000000000
00000000000000000000
00000000000000000000
00000000000000000000
11111111111000000000
00000000000000000000
00000000000000000000
00000000000000000000
00000001111111111000
13 0 18 7
8 17 11 1
4 5 14 17
13 18 18 16
8 1 19 10
5 9 17 9
15 11 15 15
1 2 17 16
18 3 18 0
14 19 16 11
14 2 18 4
13 5 17 2
7 1 8 0
2 17 8 19
0 13 12 10
0 11 17 12
5 16 1 8
17 13 17 18
13 19 3 14
12 15 18 2
19 15 14 3
6 4 10 18
17 6 17 11
11 4 15 7
3 10 15 18
3 15 9 3
5 3 14 0
16 8 11 5
3 12 13 1
3 8 18 18
