17 12 5862
0000000000001000
0000000000001000
0000000000001000
0000000000000000
0000000000000000
0000000000000000
0000000000000000
0000000000000000
0000000000000000
0000000000000000
0000000000000000
0000001000000000
0000001000000000
0000001000000000
0001001000000000
0001001000000000
0001001000000000
00000000000000000
00000000000000000
00000000000000000
00000000000000000
00000000000000000
00000000000000000
00000000000000000
00000000000000000
11111111111110000
11110000000000000
00000000000000000
00000000000000000
00000000000000000
00000000000000000
00000000000000000
00000000000000000
11 2 13 7
10 13 2 16
6 4 6 6
7 3 9 11
12 0 12 4
15 4 3 7
11 9 10 14
14 6 1 9
9 8 14 15
4 1 5 8
10 16 4 8
6 1 3 13
