15 10 2816
00000000000000
00000000000000
00000000000000
00000000000000
00000000000000
00000000000000
00000000000000
00000000000000
00000000000000
00000000000000
00000000000000
00100000000000
00100000000000
00100000000000
00000000000000
000000000000000
000000000000000
000000000000000
000000000000000
000000000000000
000000000000111
000000000000000
000000000000000
000000000000000
000000000000000
000000000000000
000000000000000
000000000000000
111111111110000
11 1 4 9
0 7 12 4
7 0 11 2
4 12 0 5
13 12 9 9
11 3 5 14
3 10 12 7
7 12 3 11
9 13 5 12
9 6 8 4
