20 23 7178
0000100000010000000
0000100000010000000
0000100000010000000
0000100000010000000
0000100001010000000
0000100001010000000
0000100001010000000
0000100001010000000
0000100000010000000
0000000000010010000
0000000000010010000
0000000000010010000
0000000000010010000
0000000000010010000
0000000000010010000
0010000000010010000
0010000000000000000
0010000000000000000
0010000000000000000
0010000000000000000
00000000000001111111
00000000000000000000
00000000000000000000
00000111000000000000
00000000000000000000
00000000000000000000
00000000000000000000
00000001111100000000
00000000000011111000
00000000000000000000
00000000000001100000
00000000000000000000
00000000000000100000
00000000000010011000
00000000000001100000
00000000000000000000
00000000000000000000
00000000000000000000
00000000000000000000
10 1 4 16
10 12 12 18
7 13 14 14
14 0 3 17
0 17 11 13
9 15 17 5
12 9 1 3
13 9 8 2
8 14 11 3
15 8 13 7
0 7 4 15
19 1 9 9
18 0 3 16
2 13 19 7
14 2 9 7
1 8 6 16
11 16 4 7
13 0 2 16
17 3 18 10
14 12 16 2
15 0 16 15
6 8 5 5
2 10 16 12
