15 18 2711
00001001001001
00001001001001
00001001001001
00001001001001
00000001001001
00000001001001
00000000000001
00000000100001
00000000100001
00000000100001
00000000100001
00000000100001
00000000100001
00000000100000
00001000100000
000000000000000
000000000000000
000000000000000
000000000000000
000000000000000
000000000000000
000000000000000
000000000000000
000000000000000
000000000000000
000000000000000
111111110000000
000000000000000
000000000000000
13 3 7 5
7 9 6 14
12 4 12 11
7 4 2 3
9 6 8 1
11 0 2 9
12 8 12 9
4 2 10 7
4 13 8 5
9 11 8 4
1 9 0 10
3 1 12 2
3 4 8 8
0 8 10 6
9 7 11 8
9 13 13 14
3 10 1 12
0 7 10 3
