14 22 1588
0000000010000
0000000010000
0000000010000
0000000010000
0000000010000
0000000010000
0000000010000
0000000010000
0000000010000
0000000000000
0000000000000
0000000000000
0000000000000
0000000000000
00000000000000
00000000000000
00000000000000
00000000000000
00000000000000
00000000000000
00000000000000
00000000000000
00000000000000
00000000000000
00000000000000
00000000000000
00000000000000
0 5 9 10
3 8 4 9
5 8 6 0
6 8 12 5
7 3 11 9
2 9 1 2
9 6 7 0
9 7 10 1
3 10 12 10
0 4 10 2
12 11 8 4
7 13 3 4
10 7 9 4
4 12 8 1
3 5 0 9
12 8 6 4
11 13 5 2
7 8 13 5
0 7 13 6
1 8 5 13
11 4 8 10
10 4 13 12
