17 31 14194
0001000001000000
0001000001000000
0001000001000000
0001000001000000
0001000001000000
0001000000000000
0001000010000000
0001000010000000
0001000000000000
0001000000000000
0000000000000000
0000000000000000
0000000000000000
0000000000000000
0000000000000000
0000000000000000
0000000000000000
00000000001110000
00000000000000000
00000000000000000
00000000000000000
00000000000000000
11000000000000000
10000000000000000
00000000111111111
00000000000000111
00000000000011111
00000000000000000
00000000000000001
00000000000000000
00000000000000000
00000000000000000
00000000000000000
3 2 6 11
10 4 15 5
16 11 1 1
11 14 5 0
6 2 15 12
1 11 5 1
11 2 7 8
16 10 3 13
13 6 3 14
7 9 1 14
4 3 12 11
7 2 14 6
12 12 5 16
2 10 3 6
9 12 2 3
10 13 16 7
14 13 12 14
8 15 11 11
14 0 7 10
0 1 11 4
14 5 5 9
2 13 4 12
12 15 1 15
0 3 1 16
7 4 0 12
7 1 8 16
2 2 12 0
2 6 13 15
15 1 12 3
13 9 5 14
6 15 12 7
