16 9 1888
000000001000001
000000001000001
000000001000001
000000001000001
000010001000001
000010001001001
000010001001001
000010001001000
000010001001000
000010001001000
000010001001000
000010011001000
000010011001000
000010011001000
000010011001000
000010110001100
0000000000000000
0000000000000000
0000000000000000
0000000000000000
0000000000000000
0000000000000000
0000000000000000
0000000000000000
0000000000000000
0000000000000000
0000000000000000
0000000000000000
0000000000000000
0000000000000111
0000000000000000
10 8 15 7
9 8 8 14
2 7 7 12
10 11 15 2
6 11 9 2
14 0 13 4
15 4 10 1
2 6 14 10
14 12 6 7
