14 14 2507
0000000011010
0010000001010
0010000000000
0010000000000
0000000000000
0000000000000
0000000000000
0000000000000
0000000000000
0000000000000
0000001000000
0000000000000
0000000000000
0000000000000
00000000000000
00011110000000
00000001111111
11111111111000
00011111111111
00000000000000
00000000000000
00000000000000
00000000000000
11111111100000
00000000000000
11110000000000
00000000000000
1 11 12 3
10 10 2 9
9 2 6 10
8 12 12 6
10 5 9 10
7 4 11 13
4 10 9 9
11 10 0 9
9 1 5 8
3 10 9 5
13 9 3 11
5 12 1 9
0 12 10 1
4 13 1 2
