13 23 2084
100000001010
100000101010
100010101010
101010101010
111010100011
111010100001
111010100001
111010100001
111010101001
111010101001
011010101001
011010101001
011010101001
0000000000000
0000000000000
0000000000000
0000000000000
0000000000000
0000000000000
0000000000000
0000000000000
0000000010000
0000000000000
0000000000010
0000000000000
9 5 1 3
9 1 5 7
4 5 1 6
4 6 11 1
9 10 9 9
5 1 10 7
8 3 7 8
11 8 9 2
0 9 6 6
4 12 5 4
3 5 10 5
11 9 8 12
10 11 10 2
7 9 0 12
5 0 5 8
2 5 1 7
2 10 9 6
3 9 12 4
8 2 8 11
7 10 8 6
11 6 11 5
3 11 9 7
6 11 6 3
