20 21 9668
0000000000000010000
0000000000000010000
0000000000000000000
0000000000000000000
0000000000000000000
0000000000000000000
0000000000000000000
0000000000000000000
0000000000000000000
0000001000000000000
0000001000000000000
0000001000000000000
0000001000000000000
0000001000000000000
0000000000000000000
0000000000000000000
0000000000000000001
0000000000000000001
0000000000000000001
0000000000010000001
00000000000000000000
00000000000000000000
00000000000000000000
00000000000000000000
00000000000000000000
00000000000000000000
00000000000000000000
00000000000000000000
00000011111111111111
00000000000000000000
00000000000000000000
00000000000000000000
00000000000000000000
00000000000000000000
00000000000000000000
11111111111111000010
00000000001111111110
00000000000000000000
00000000001100000000
0 15 8 17
10 1 3 4
13 18 10 3
16 4 3 12
8 15 8 0
5 10 14 2
10 11 18 19
19 18 9 0
13 5 3 6
19 16 18 11
13 19 15 15
9 8 13 2
3 16 12 19
9 5 17 17
0 1 2 14
0 9 14 7
11 18 2 2
4 0 8 18
11 19 1 7
3 15 1 0
19 7 11 9
