15 29 5820
00000000000000
00000000000000
00000000000000
00000000000000
00000000000000
00000000000000
00000000000000
00000000000000
00000000000000
00100000000000
00100000000000
00100000000100
00100000000100
00100000000000
00100000000000
000000000000000
000000000000000
000000000000000
000000000000000
000000000000000
000000000000000
000000000000000
000000000000000
000000000000000
000000000000000
000000000000000
000000000000000
000000000001111
000000000000000
5 1 8 1
1 14 5 14
13 5 10 9
0 2 11 13
5 5 10 11
12 3 12 0
0 0 10 1
3 10 10 6
1 3 10 5
14 10 14 8
10 7 2 9
1 12 5 10
11 0 5 12
8 5 11 3
14 3 1 13
13 10 5 0
5 8 11 5
9 6 7 5
4 8 14 2
3 9 9 3
0 10 6 14
11 9 2 6
5 4 4 0
6 10 9 10
9 9 8 10
3 14 9 1
4 9 6 11
13 14 1 11
12 2 0 13
