17 23 1966
0000000000000000
0000000000000000
0000000000000000
0000000000000000
0000000000000000
0000000000000000
0000000001000000
0000000001000000
0010000001000000
0000000000000000
0000000000000000
0000000000000000
0000000000000000
0000000000000000
0000000000000000
0000000000000000
0000000000000000
00000000000000000
00000000000000000
00000000000000000
00000000000000000
11111111111000000
00000000000000000
00000000000000000
00000000000000000
11111111111110000
00000000000000000
00000000000000000
00000000000000000
00000000000000001
00000000000000000
00000000000000000
00000000000000000
2 13 8 1
14 11 7 4
9 1 12 8
6 12 2 10
1 11 15 3
1 2 15 11
2 4 11 7
16 11 10 11
7 14 1 10
9 0 12 10
9 2 13 8
13 16 6 7
12 2 5 12
12 4 4 5
10 9 10 13
10 1 16 4
11 8 11 14
14 2 5 11
13 4 0 16
9 16 6 16
13 2 8 5
8 11 11 2
11 5 11 3
