15 19 2738
00000000001000
00001000001000
00001000001000
00001000001010
00001000000010
00000000000010
00000000001010
00000000001010
00000000001010
00000000000000
00000000000000
00000000000000
00000000000000
00000010000000
00001010000000
111111111000000
000000001110000
000000000000000
000000000000000
000000000000000
111111111000000
000000000000000
000000000000000
000011111111111
111111111110000
111111100000000
000000000000000
000000000000000
000000000000000
0 14 8 3
11 13 11 3
3 3 12 13
3 2 13 0
2 9 0 9
4 1 5 3
11 14 13 11
10 3 12 7
1 9 3 0
6 4 11 7
0 8 12 9
1 8 3 5
1 11 8 2
5 14 10 7
8 9 4 7
7 10 9 13
10 2 2 2
6 6 4 0
12 12 1 2
