15 20 2791
01000000000000
00000000000000
00000000000000
00000000000000
00000000000000
00000000000000
00000000000000
00000000000000
00000000000000
00000000000000
00000000000000
00000000000000
00000000000000
00000000000000
00000000000000
000000000000000
000000000000000
000000000000000
000000000000000
000000000000000
000000000000000
000000000000000
000000000000000
000000000000000
000000000000000
000000000000000
000000000000000
000000000000000
000000000000000
4 4 9 7
13 11 2 1
2 9 5 10
7 2 10 0
6 12 12 7
3 10 4 7
5 3 1 14
11 9 6 5
9 10 5 1
10 13 2 2
11 12 4 1
11 3 12 13
12 4 5 0
4 3 11 0
1 7 1 4
8 9 8 11
5 4 2 7
13 5 12 0
3 7 1 10
14 5 13 14
