16 22 4437
000000000000000
000000000000000
010000000000001
010000000000001
000000000000001
000000000000001
000000000000001
000000000000001
000000000000001
000000000000001
000000000000001
000000000000001
000000000000001
000000000000001
000000100100001
000000100100001
0000000000000000
0000000000000000
0000000000000000
1111111111111000
1111000000000000
0000000000000000
0000000000000000
0000000000000000
0000000000000000
0000000000000000
0000000000000000
0000000000000000
0000000000000000
0000000001000000
0000000000000000
5 15 14 6
14 11 13 10
14 14 5 11
7 9 8 12
15 1 3 8
1 10 3 14
4 7 11 7
14 7 7 1
10 12 1 11
6 5 6 2
11 14 13 1
0 15 15 3
14 3 0 2
9 5 13 8
15 5 12 2
8 4 3 9
1 14 6 14
13 12 5 10
14 12 2 11
4 15 14 8
6 3 10 3
9 2 3 6
