16 27 2890
000000000000000
000000000000000
000000000000000
000000000000000
000000000000000
000000000000000
000000000000000
000000010000000
000000010000000
000000010000000
000000010000000
000000010000000
000000010000000
000000010000000
000000010000000
000000010000000
0000000000000000
0000000000000000
0000000000000000
0000000000000000
0000000000000000
0000000000000000
0000000000000000
0000000000000000
0000000000000000
0000000000000000
0000000000000000
0000000000000000
0000000000000000
0000000000000000
0000000000000000
3 14 15 9
3 3 6 6
0 9 15 3
9 12 8 12
9 3 0 2
2 12 13 12
8 8 3 6
6 2 12 8
3 12 1 2
6 10 13 10
13 13 10 11
1 4 7 2
15 14 9 1
11 12 8 11
3 4 10 14
5 0 13 14
4 2 1 8
14 1 8 7
3 13 4 15
12 1 8 1
7 11 11 15
4 11 1 10
15 5 7 3
1 12 1 14
2 8 5 12
11 4 5 15
0 1 5 7
