16 8 2427
000000000011000
000000000011000
000000000011000
000000000011000
000000000011000
000000000011000
000000000011000
000000000011000
000000000010000
000000000010000
000000010010000
000000010010000
000000010010000
000000010010000
000000010000000
000000010000000
0000000000000000
0000000000001000
0000000000000000
0000000000000000
0000000000000000
0000000000000000
0000000000000000
0000000000000000
0000001111100000
0000000000000000
0000000000000000
0000000000000000
0000000000000000
0000000000000000
0000000000000000
4 9 0 13
8 12 8 1
12 3 10 15
12 13 1 7
15 12 12 10
7 15 15 7
14 2 8 9
11 9 1 10
