18 26 6315
00000000010000000
00000000010000000
10000000010000000
10000000010000000
10000000010000000
10000000010000000
10000000010000000
10000000010000000
10000000010000000
00000000010000000
00000000010000000
00000000010000000
00000000010000000
00000000010000000
00000000000000000
00000000000000000
00000000000000000
00000000000000000
000000000000000000
110000000000000000
000000000000000000
001111111100000111
000000000000000000
000000000000000000
000000000000000000
000000000000000000
000000000000000000
000001111100000000
000000000000000000
000000000000000000
000000000000000000
111111100000000000
111111111111111110
111111100000000000
000000000000000000
6 5 11 0
14 7 10 7
11 15 6 4
15 9 15 16
15 2 9 9
7 4 5 9
4 11 17 1
12 7 0 10
0 0 3 15
12 12 15 8
4 8 5 0
1 12 10 9
8 7 11 7
9 15 2 3
1 1 3 8
13 2 14 9
10 3 1 17
14 2 6 12
4 2 16 2
10 5 14 10
16 5 7 11
7 8 15 7
17 8 8 6
14 8 1 13
11 11 3 6
13 13 6 14
