20 11 1571
0000000100001000000
0000000100001000000
0000000100001000000
0000000100001000000
0000010100000000001
0000010100000000001
0000010110000000001
0000010010000000001
0000010010000000001
0000010010000000001
0000010010000000000
0000010010000000000
0000010010000000000
0000010010000000000
0000010000000000000
0000010000000000000
0000000000000000000
0000000000000000000
0000000000000000000
0010000000000000000
00000000000000011111
00000000000000000000
00000000000000000000
00000000000000000000
00000000000000000000
00000000111111100000
00000000000000000000
00000000000000000000
11100000000000111110
00000000001111111111
00000000000000000000
00000000000000000000
00000000000000000000
00000000000000000000
00000000000000000000
11111111111111100000
00000000000000000000
10000000000000000000
00000000000000000000
13 4 5 18
5 3 13 5
9 15 2 4
15 7 8 4
0 19 0 4
14 6 5 11
4 5 12 2
4 15 15 15
10 17 2 5
8 17 18 14
8 7 5 7
