15 9 2671
00000000000000
00000000000000
00000000000000
00000000000000
00000000000000
00000000000000
00000000000000
00000000000000
00000000000000
00000000000000
00000000000000
00000000000000
00000000000000
00000000000000
00000000000000
000000000000000
000000000000000
000000000000000
000000000000000
000000000000000
000000000000000
000000000000000
000000000000000
000001111111111
000000000000000
000000000000000
000000000000000
000000000000000
000000000000000
5 6 11 7
13 4 12 7
9 11 0 13
14 7 8 13
6 12 2 9
4 5 6 2
7 12 6 14
4 13 11 5
0 7 5 11
