20 32 8844
0000000000000010000
0000000000000010000
0000000000000010000
0000000000010010000
0100000000010010000
0000000000010010001
0000000000010010001
0000000000010010001
0000000000110010001
0000000000110000001
0010000000010000001
0010000000010000001
0010000000010000001
0010000000010000001
0010000000010000101
0000000000010000101
0000000000010000101
0000000000000000101
0000010000000000101
0000010000000000101
00001111111111100000
00000000000000000000
00000000000000000000
00000000000000000000
11100000000000000000
00000000000000000000
00000000000000000000
00000000000011000000
00000000000000000000
11111111111000000000
00000000000000000000
00000000001100000000
00000000000000000000
00000000000000000000
00000000000000000000
00000000000000000000
11111111111110000000
00000000000000000000
00000000000000000000
18 0 1 16
8 5 8 17
4 16 3 14
10 15 14 6
15 0 14 3
8 1 18 3
4 1 15 5
5 16 3 10
1 5 17 4
13 8 18 2
18 4 17 6
9 6 6 15
17 5 15 14
19 9 14 9
5 18 14 16
12 9 3 18
0 14 15 2
1 12 1 11
2 2 11 10
13 18 17 13
10 14 12 16
19 15 9 8
1 0 18 10
11 19 8 4
17 11 16 8
13 4 18 8
11 14 10 17
14 19 8 13
2 18 13 16
4 0 4 18
17 12 11 6
9 4 14 1
