19 20 1552
000000000000000000
000000000000000000
000000000000000000
000000000000000000
000000000000000000
100000000000000010
100000000000000010
100000000000000010
100000000000000010
100000000000000010
100000000010000010
100000000010000010
100000000010000010
100000000010000010
100000000010000010
100000000010010010
100000000010010010
100000000010010010
100000000010010010
1111111110000000000
0000011111111111111
0000000000000000000
1100000000000000000
0000000000000001100
0000000000000000000
0000000000000000000
0000000000000111100
0000000000000000000
0000000000000000000
0000000000000111100
0000000000000011100
0000000000000000000
0000000000000000100
0000000000000000000
0000000000000000000
0111110000000000000
0000000000000000000
2 4 11 1
0 11 8 7
18 11 17 4
16 15 6 5
3 6 0 0
8 2 4 9
3 16 12 3
6 8 6 11
17 2 1 7
15 9 7 4
4 8 4 7
3 5 7 18
4 3 18 4
6 14 4 5
12 14 18 18
11 14 16 1
10 9 0 15
16 7 1 10
5 4 14 7
13 11 15 14
