17 26 13035
0000000000010010
0000000000010010
0000000000010000
0000001000010000
0000101000010000
0000101000010000
0000101010010000
0000101010000010
0000101010000010
0000100000000010
0000000000000010
0100100000000010
0100100000000010
0100100000000110
0100100010000110
0000000000000110
0000000000000110
00000000000000000
11111110000000000
00000000000000000
00000000000000000
11000000000000000
00000000000000000
11100000000000000
00000000000000000
00000001111111100
11111110000000000
00000000000000000
00000000000000000
00000000000000000
00000000000000000
11111111111100000
00000000000000000
2 10 9 10
15 3 15 16
4 13 11 11
7 0 1 10
2 2 9 2
6 8 9 5
13 10 10 16
6 7 7 14
8 10 0 11
11 2 5 10
4 6 1 14
13 16 6 11
11 14 13 4
15 15 7 9
12 6 10 7
4 9 2 5
13 13 13 5
3 15 0 1
16 8 16 1
15 1 5 13
0 8 8 7
0 12 10 15
7 13 2 14
16 16 2 1
1 2 1 6
4 8 14 0
