20 18 2413
0000100000000000001
0000100000000000001
1000100000000000001
1000100000000000001
1000100000000000001
1000100000000000001
1000100000000000001
1000100000000000001
1001100000000000011
1001100000000000011
1001100000000000011
1001100000000000011
1001100000000000011
1001100000000000011
1001000000001000011
1001000000001000011
1101000000001000011
1101000000000000011
1101000000000000010
0101000000000000010
00000000000000000000
11110000000000000000
00000000000000000000
00000000000000000000
00000000000000000000
00000000000000000000
00000000000000000000
00000000000000000000
00000000000000000000
00000000000000000000
00000000000011111100
00000000000000000000
00000000000000000000
00000000000000000000
00000000000000000000
00000000000000000000
00001111111111110000
00000000000000000000
00000000000000000000
18 13 15 11
2 6 3 18
6 15 11 7
10 0 11 4
17 17 4 9
7 9 15 13
0 6 8 13
3 5 4 16
15 19 5 3
17 14 12 11
7 16 10 12
10 8 0 17
14 10 0 4
12 8 18 17
15 8 15 9
1 10 12 15
5 19 18 1
10 18 7 13
