17 19 2482
0000000000000000
0000000000000000
0000000000000000
0000000000000000
0000000000000000
0000000001000000
0000000001000000
0000000001000000
0000000001001000
0000000001001000
0000000001001000
0000000001000000
0000000001000000
0000000001000000
0000000001000000
0000000001000000
0000000001000000
00000000000000000
11111111000000000
10000000000000000
00000000000000000
00000000000000000
00001111110000000
00000000000000000
00000000000001111
00000000000000000
00000000000000000
00000000000000000
00000000001110000
00111111110000000
00011111110000000
00000000000000000
00000111110000000
5 5 15 7
4 3 14 12
1 0 6 2
1 15 4 15
5 16 2 9
10 12 6 5
4 4 7 9
8 14 8 10
16 5 9 4
16 1 14 16
7 13 4 6
2 14 7 11
3 5 11 10
3 15 3 12
2 10 15 5
5 6 2 7
14 2 2 5
9 2 16 13
15 12 8 0
