16 10 885
010000000000000
010010000000000
010010000000000
010010000000000
010010000000000
010011001000000
010011001000000
000001001000000
000011001000000
000001000000001
000001000000001
000001000000001
000001000000001
000010000000000
000010000000000
000010000000000
0011111100000000
0000000000000000
0000000000000000
0000000000000000
0000000000000000
0000000000000000
0000000000001111
0000000000000000
0001111111111111
0000000000000000
0000000000000000
0000000000000000
0000000000000000
0000000001111111
0000000000000000
3 5 15 9
5 12 7 5
2 0 13 11
5 0 1 2
13 12 1 3
9 15 9 3
8 9 8 8
5 6 3 0
3 9 3 11
2 3 12 1
