17 13 6735
0000010100000000
0000000100000000
0000000100000000
0000000100000000
0100000100000000
0100000100000000
0100000100100000
0100000100100000
0100000100100010
0100000100100010
0100000100100010
0100001100000000
0100001000000000
0100001000000000
0100001000000000
0000001000000000
0000001000000000
00000000000000000
00001111110000000
00000000000000000
11110000000000000
00000000110000000
00000000111100000
00000000000000000
00000000000000000
00000000000000000
00000000000000000
00000000000001111
00000000000000000
00000000000000000
00000000000000000
00000000000000000
11111001000000000
6 8 16 9
4 15 11 13
12 6 6 6
16 12 5 13
9 1 1 0
15 13 10 0
15 7 8 6
11 11 13 11
8 16 8 0
3 0 6 13
13 16 13 2
9 12 7 8
1 8 11 15
