20 14 2485
0000000100100000001
0100000100100000000
0100000100100000000
0100000100100000000
0100000000100000100
0100000000100000100
0100000000100000100
0100000000100000100
0000000000110000100
0000000000010000100
0000000000010000100
0000000000010000100
0100000000010000100
0100000000010000100
0100000000010001100
0100000000010001100
0100000000010001100
0010000000010001100
0010000000010001100
0010000000010001100
00000000000000000000
00001111000000000000
00000000000000000000
00000000000000000000
00000000000000000000
00000000000000000000
00000000000000000000
00111111111000000000
00000000000000000000
00000000000000000000
00000000000000000000
11111111100000000000
00000000000000000000
00000000000000000000
00000000000000000000
00000000000000000000
00000000000000000001
10000000000000000000
00000000000000000000
11 18 9 0
8 10 4 12
0 17 17 18
9 9 11 14
1 10 16 12
3 14 2 9
16 14 8 4
6 2 0 3
12 17 2 16
0 7 16 5
1 19 19 11
2 13 14 10
12 19 15 8
6 9 7 10
