19 24 8339
000010000000000100
000010000000000100
010010000000000100
010010000000000100
010010000000000100
010010000000000100
010010000000000110
010010000000000110
010010000000000110
010010000000000110
010010000000000010
010010000000001010
010010000000001010
010110000101001010
000100000101001010
000100000101001010
000100010101001010
000100010101001010
000000010101001010
0000000000000000000
0000000000000000000
0000011111111000000
0000000000000000000
0000000000000000000
0000000000000000001
1000000000000000000
0000000000000000000
0000000000000000000
0000000000000000000
0000000000000000000
0000000000000000000
0000000000000000000
1100000000000000000
0000000000000000000
0000000000000000000
0000000000000000000
1111100000000000000
9 3 4 17
1 18 1 2
4 6 0 9
6 2 1 16
9 0 1 0
7 14 7 16
17 3 15 10
10 4 3 8
11 0 10 12
6 4 15 6
14 4 2 7
3 0 18 18
5 9 10 8
7 4 0 6
15 7 11 17
13 7 8 7
9 15 9 12
13 6 11 8
17 8 9 13
14 12 13 9
3 11 3 3
8 13 6 1
5 15 15 3
0 1 12 6
