19 14 1894
000000000000000001
000000000000000001
000000000000000001
100000000000000001
100000000001000001
100000000001000001
100000000001000001
100000000001000001
100000000001000001
100000000001000001
100000000001000101
100000000001000100
100000000001000100
100000000001000100
100000000001000100
100000000101000100
100000000101000100
110000000101000100
110000000101000100
0000000000000000000
0000000000000000000
0111111111110000000
0000000000000000000
0000000000000000000
0000000000000000000
0000000000000000000
0000000000000000000
0000000000000000000
0000000000000000000
0000000000000000000
0000000000000000000
0000000000000000000
0000000000000000000
0000000000000000000
0000000000000000000
0000000111000000000
0000000000000000000
13 0 9 16
7 6 7 13
6 2 9 11
3 4 16 9
0 4 4 0
15 14 6 3
17 17 1 14
18 2 7 5
14 6 8 15
12 2 1 15
17 13 5 0
6 5 5 17
13 13 17 0
11 5 2 18
