19 36 14148
100000000001000010
000000000001000010
000000000001000010
000000000001000010
000000000001000110
000000000001000100
000000000001000100
000000000001000100
000000000001000100
000000000001000100
000000000001000000
000000000001000000
000000000001000000
000000000001000000
000000000000000000
000000000000000000
000000000000000000
000000000000000000
000000000000000000
0000000000000000000
0000000000001111000
0000000000000000000
0000000000000000000
1111111000000000000
0000000000000000000
0000000000000000000
0000000000000000000
0000000000000000000
1110000000000111111
0000000000000000000
0011111111110000000
0000000000000000000
1110000000000000000
0000000000000000000
0000000000000000000
0000000000000000000
0000000000000000000
1 14 17 16
0 15 8 8
18 1 8 7
11 14 18 4
11 8 6 11
16 15 14 18
17 6 5 4
3 13 14 6
0 10 17 10
12 16 13 13
11 4 2 18
18 16 3 0
9 4 18 12
3 11 11 15
13 6 16 6
15 15 3 12
9 11 8 12
2 14 1 17
1 4 2 8
9 3 16 8
17 15 2 6
14 10 4 5
14 3 4 4
16 13 16 2
0 14 16 0
10 5 9 12
7 11 14 12
15 11 18 14
10 14 8 16
10 16 11 1
13 5 1 0
10 13 10 8
18 10 14 8
14 17 10 12
4 18 13 18
9 9 7 14
