17 32 5360
0001000010000000
0001000000000000
0001000000000000
0001001000000000
0001001000000000
0001000010000000
0000000010000000
0000000010000000
0010000010000000
0010000000000000
0010000000000000
0010000000000000
0010000000000000
0010000000000000
0000000000000000
0000000000000000
0000000000000000
00000000000000000
00000000000000000
00010000000000000
00000000000000000
00001111111111000
00000000000000000
00000000000000000
00000000000000000
00000000000000000
00000000000000000
00000000000000000
00000000000000000
00000011111111111
00111111111111111
11111111111111000
11111110000000000
2 16 15 13
2 10 3 14
4 13 8 8
13 1 12 8
6 16 7 0
8 9 10 7
14 8 14 12
12 12 13 12
9 2 3 4
4 10 6 8
11 5 5 16
0 6 5 14
4 14 10 10
11 3 5 11
9 13 3 7
14 3 8 13
4 11 0 7
5 5 11 2
2 14 15 0
9 1 3 11
6 7 12 3
10 0 1 16
15 1 3 0
5 6 2 3
6 2 2 13
15 6 14 7
11 16 1 9
3 12 2 5
1 11 7 15
11 7 15 5
10 4 12 2
8 12 2 1
