14 12 3991
1000010110010
1000010110000
1000000110000
1000000010000
1000010010000
1000010010000
0000010010000
0000010010000
0000010000000
0000000000000
0000000000000
0000000000000
0000000000000
0000000000000
00000000000000
00000000000000
00000000000000
00000000000000
00000000000001
00000000000000
00000000001111
00000000000000
11111101111111
10000000001111
00000000000000
00000000000000
00000000000000
5 8 8 3
7 8 8 5
3 3 5 11
11 6 13 13
2 2 5 3
10 0 9 11
6 7 11 8
12 12 10 11
9 0 12 5
1 4 2 12
13 0 1 1
5 5 13 11
