19 16 3126
000000000011000000
000000000010000000
000000000010000000
000000000010000000
000000000010000000
000000000010000100
000000000000000100
000000000000000100
000000000000000100
000000000000000100
000000000000000100
000000000000000100
000000000000000100
000000000000000100
000000000000000100
000000000000000100
000000000000000100
000000000000000100
000000000000000100
0000000000000000000
0000000000000000000
0000000000000000000
0000000000000000000
0000000000000000000
0000000000000000000
0000000000000000000
0000000000000000000
0000000000000000000
0000000000000000000
0000000000000000000
0000000000000000000
0000000000000000000
0000000000000000000
0000000000000000000
1111000000000000000
0000000000000000000
0000000000000000000
5 18 9 13
11 12 8 7
2 4 5 9
7 2 12 2
4 16 1 5
15 16 7 3
1 7 4 4
7 9 3 14
7 17 17 6
16 11 16 1
8 0 9 17
1 3 1 18
14 4 5 3
15 3 12 0
10 15 18 16
2 12 9 2
