15 12 1362
00000000000000
00000000000000
00000000000000
00000000000000
00000000000000
00000000000000
00000000000000
00000000000000
00000000000000
00000000000000
00000000000000
00000000100000
00000000100000
00000000100000
00000000100000
000000000000000
000000000000000
111111111110000
000000000000000
000000000000000
000000000000000
000000000000000
000000000000000
000000000000000
000000000000000
000000000000000
000000000000000
000000000000000
111111000000000
11 11 4 11
11 3 0 3
5 12 5 2
6 8 14 5
9 2 1 8
5 4 7 7
9 4 0 13
3 0 7 9
4 5 2 10
1 11 4 4
2 4 0 11
7 14 1 2
