13 20 3960
000001000000
000001000000
000001000000
000001000000
000001000000
000000000000
000000000000
000000000000
000000000000
000000000000
000000000000
000000000000
000000000000
0000000000000
0000000000000
0000000000000
0000000000000
0000000000000
0000000000000
0000000000000
0000000000000
0000000000000
0000000000000
0000000000000
0000000000000
11 5 3 9
4 2 4 6
1 2 5 1
10 1 4 7
4 1 8 3
11 2 7 6
5 10 3 3
11 12 12 6
7 12 5 4
9 10 0 12
11 9 5 11
11 4 10 12
7 9 2 10
8 2 12 8
0 9 6 8
5 2 7 1
11 1 2 2
6 11 12 0
9 0 11 11
5 9 2 3
