15 22 3615
10000000000100
10000000000100
10000000000000
10000000000000
10000000000001
10000000000000
10000000000000
10000000000000
10000000001000
10000000000000
10000010000000
10000010000000
00000010000000
00000010000000
00000010000001
000000000000000
000000000000000
000000000000000
000000000111111
000000000000000
000000000000000
000000000000111
000000111111111
011111111000001
000000011111000
000000000000000
000000011111110
000000000000000
000000000000000
6 0 2 0
3 10 1 3
0 11 10 9
0 1 0 4
11 10 14 12
3 8 2 11
5 9 12 9
3 5 12 12
4 12 3 14
3 9 0 13
8 0 13 5
9 0 8 14
8 10 11 12
0 5 5 14
10 10 3 11
12 5 4 1
14 10 6 6
3 1 10 0
1 8 2 6
10 5 4 2
13 12 1 10
13 14 14 7
