17 19 3299
1000000000000000
1000000000000000
1000000000000000
1000000000000000
0000000000000000
0000000000000000
0000000000000000
0000000000000000
0000000000000000
0000000000000000
0000000000000000
0000000000000000
0000000000000000
0000000000000000
0000000000000000
0000000000000000
0000000000000000
00000000000000000
00000000000000000
00000000000000000
00000000000000000
00000000000000000
00000000000000000
00000000000000000
00000000000000000
00000000000000000
00000000000000000
00000000000000000
00000000000000000
00000000000000000
00000000000000000
00000000000000000
00000000000000000
12 16 5 3
2 16 2 14
16 4 6 5
4 3 0 6
0 5 16 16
15 1 12 12
12 8 16 5
7 16 7 10
16 11 0 3
11 14 3 15
3 5 5 13
12 1 3 0
3 16 14 1
11 7 14 6
1 14 7 2
11 2 5 8
10 10 13 0
3 8 15 16
2 4 1 7
