17 17 8048
0000000000000000
0000000000000000
0000000000000000
0000000000000000
0000000000000000
0000000000000000
0100000000000000
0100000000000000
0100000000000000
0100000000000000
0100000000000000
0100000000000000
0000000000000000
0000000000000000
0000000000000000
0000000000000000
0000000000000000
00000000000000000
11111111111000000
00000000000000000
11111100000000000
00000000000000000
11100000000000000
00000000000000000
00000000000000000
00000000000000000
00000000000000000
00000000000000000
00000000000000000
00000000000000000
00000000000000000
00000000000000000
00000000000000000
3 3 15 15
2 10 3 13
15 2 0 13
14 6 0 7
9 11 3 16
8 12 13 11
0 0 11 11
0 11 11 10
7 11 11 13
3 0 10 2
2 12 15 0
0 14 8 1
10 10 13 15
9 10 12 7
15 13 3 9
0 4 15 6
10 7 6 14
