17 19 1753
1000000100010000
1000000100010000
1000000100010000
1000000100000000
1000000100000000
0000000100000010
0000000100000010
0000000000000010
0000000000000010
0000000000000010
0000000000000010
1000000000000000
1000000000000000
1000000000000000
1000000000000000
1000000000000000
1000000000000000
00000000000000000
00000000000000000
00000000000000000
00000000000000000
00000000000000000
00000000000000000
00000000000000000
00000000000000000
00000000000000000
00000000000000000
00000000000111111
00000000000000000
00000000000000000
00000000000000000
00000000000000000
00000111111111111
7 4 5 10
3 0 7 0
8 12 1 12
3 9 2 16
13 8 9 3
12 4 5 0
14 6 16 5
13 1 3 3
11 3 7 10
2 12 8 2
2 11 13 14
10 7 2 4
8 0 6 5
8 13 8 6
10 10 1 6
9 16 2 0
14 9 11 14
12 6 15 12
4 2 8 16
