19 14 1343
000000000000000000
000000000000000000
000000000000000000
000000000000000000
000000000000000000
000000000000000000
001000000000000000
001000000000000000
001000000000000000
001000000000000000
001000000000000000
001000000000000000
001001000000000000
101001000000000000
101001000010000000
101001000010000000
101001000010000000
001001000010000000
000001000010000000
0000000000000000000
0000000000000000000
1000000000000000000
0000000000000000000
0000000000000000000
1111111111100000000
0001110000000000000
0000000000000000000
0000000000000001111
0000000000000111111
0000000000000000000
0000000000000000000
0000000000000001111
0000000000000000000
0000000000000000001
0000000000000000000
0110000000000000000
0000000000000000000
9 10 2 16
1 18 14 4
16 8 13 2
16 13 0 2
16 12 11 12
4 0 6 1
3 5 7 11
5 16 18 15
10 14 11 16
12 1 6 3
4 11 12 12
5 15 13 9
17 12 5 18
8 5 1 1
