17 17 1850
0000000110000000
0000000010000000
0000000010000000
0000000010000000
0000000010000000
0001000000000000
0001000000000000
0000100000000000
0000100000000000
0000100000000000
0000000000000000
0000000000000000
0000000000000000
0000000000000000
0000001000000000
0000001000000000
0000011000000000
00000000000000111
00000000000000000
00000000000000000
00000000000000000
00000000000000000
00000000000000000
11111111111111110
00000000000000000
00000000000000000
00000000000000000
00000000000000000
00000000000000000
00000000000000000
00000000001111111
00000110000000000
00000000000000000
15 6 13 16
10 2 1 2
8 7 4 15
16 6 12 5
11 11 3 7
12 1 0 15
9 6 16 4
2 7 5 15
12 13 3 10
7 6 14 11
12 3 1 6
1 9 15 10
5 9 11 6
16 15 13 8
15 0 10 4
3 15 7 0
8 15 12 12
