14 22 1606
0000000000010
0000000000010
0000000000010
0000000000010
0000000000000
0000000000000
0001000000000
0001000000000
0001000000000
0000000000000
0000000000000
0000000101000
0000000111000
0000010111000
00001111111100
00000000000000
00000000000000
00000000000000
00000000000000
11111100000111
00000000000000
10000000001111
00000000000000
11111111100000
11111110000000
00000000000000
00000000000000
3 0 5 8
7 5 6 7
13 9 0 1
3 5 1 4
8 0 12 4
12 3 8 5
7 0 13 4
9 3 9 7
1 1 5 9
2 9 10 12
3 1 2 10
8 6 0 3
2 6 10 7
12 1 13 12
9 2 4 5
0 5 9 6
8 7 6 8
10 9 13 3
0 11 12 6
0 8 11 7
8 11 1 12
10 10 1 0
