20 13 8230
0000000000100001100
0000000000100001100
0000000000100001100
0000000000100001100
0000000000100001100
0000000000100001100
0000000010100001100
0000000010100001100
0000000010100001100
0000000010100000100
0000000010100000100
0000000010000000100
0000000010000000000
0000000010000001000
0000100010000001000
0000100010000001000
0000100010001001000
0000100010001001000
0000100010001001000
0000100010001001000
00000000000000000000
00000000000000000000
00000000000000000000
00000000000000000000
00000000000000000000
00000000000000000000
00000000000000000000
00111111100000000000
00000000000000000000
00000000000000000000
00000000000000000000
00000000000000000000
00000000000000000000
00000000000000000000
00000000000000000000
00000000000000000000
00000000000000000000
00000000000000110000
00000000000000000000
8 14 1 13
12 4 12 10
2 6 10 4
1 19 12 15
18 2 4 10
19 11 12 3
14 10 13 7
10 7 10 13
1 16 8 16
0 4 13 1
16 6 7 10
9 13 17 6
5 19 17 8
