18 26 3153
00000000100000000
00000000000000000
00000000000000000
00000000000000000
00000000000000000
00000000000000000
00000000000000000
00000000000000000
00000000000000000
00000000000000000
00000000000000000
00000000000000000
00000000000000000
00000000000000000
00000000000000000
00000000000000000
00000000000000000
00000000000000000
000000000000000000
000000000000000000
000000000000000000
000000001111111111
111111110000000000
000000000000000000
000000000000000000
000000000000000000
000000000000000000
000000011111111111
000000000000011111
000000000000000000
000000000000000000
000000000000000000
000000000000000000
000000000000000000
000000000000000000
0 3 6 7
16 8 4 7
6 9 11 2
3 17 6 5
1 10 8 6
2 3 8 4
16 15 1 12
10 2 2 16
11 15 4 0
1 3 13 0
9 17 10 10
1 17 16 0
0 4 7 14
12 15 16 4
0 16 9 11
5 12 14 12
14 0 13 5
2 1 4 5
4 6 17 13
14 7 4 2
9 1 8 11
9 14 6 6
6 13 12 8
4 16 14 2
2 13 7 4
15 9 17 7
