13 17 1431
100000000000
100000000000
100000001000
100000001000
100000001000
000000001000
000001001000
000001001000
000001001000
000001001000
000001001000
000001001000
000001001000
0000000000000
0000000000000
0000000000000
0000000000000
0111110000000
0000001100000
0000000000000
0000000000000
0000000000000
0000000000000
0000000000000
0000000000000
8 8 10 4
2 12 11 9
7 12 2 3
3 6 6 8
12 8 5 3
6 4 8 5
4 6 10 5
12 10 8 9
12 4 3 12
1 3 7 5
1 0 4 3
0 4 3 11
0 1 11 3
11 5 9 6
0 10 5 4
12 6 9 12
1 5 5 10
