17 11 931
0000000000000000
0000000000000000
0000000000000000
0000000000000000
0000000000001000
0000000000001000
0000000000001000
0001000000001000
0001000000000000
0001000000000000
0001000000000000
0001000000000000
0001000000000000
0001000000000000
0001000000000000
0001000000000000
0001000000000000
00000000000000000
00000000000000000
00000000000000000
00000000000000000
00000000000000000
00000000000000000
00000000000000000
00000000000011111
00000000000000000
00000000000000000
00000000000000000
00000000000000000
00000000000000000
00000000000000000
00000000000000000
00000000000000000
2 6 13 9
14 9 1 14
2 7 5 2
2 12 12 6
14 6 2 0
5 0 5 16
14 8 0 16
1 0 6 4
7 14 8 15
9 15 16 1
9 16 7 9
