18 34 4077
00000000000000000
00000000000000000
00000000001000000
00001000001000000
00001000001000000
00001000001000000
00001000001000000
00001000001000000
00000001000100000
00000001000100000
00000001000100000
00000001000100000
00000001000100000
00000001000100000
00000001000100000
00000001000100000
00000001000000000
00000000000000000
000000000000000000
000000000000000000
000000000000111111
000000000000000000
000000000000000000
000000000000000000
000000000000000000
111111111111000000
000000000000000000
000000000000000000
000000000000000000
000000000000000000
000000000000000000
000000000000000000
000000000000000000
000000000000000000
000000000000000000
1 1 17 13
2 4 17 11
1 16 11 10
10 9 15 7
14 6 6 17
12 0 0 12
4 2 17 16
9 7 8 12
17 5 7 13
9 2 13 17
0 0 6 2
14 7 11 3
8 0 16 17
7 0 9 14
2 0 1 15
2 16 6 6
2 10 3 10
9 12 8 16
0 10 17 7
12 15 12 9
14 5 8 17
7 2 17 8
12 1 10 13
14 1 1 6
0 11 8 14
13 12 3 13
17 1 14 9
7 6 11 9
15 2 9 15
14 13 7 12
5 8 8 9
6 14 4 0
0 2 5 11
9 3 2 1
