17 25 2148
0000001000000000
0000001000000000
0000001001000000
0000000001000000
0000000011000001
0000001011000001
0000001011000001
0000001011000001
0000001011000001
0001001011000001
0001001010000001
0011001010000001
0011001010000001
0011001010000001
0011001010000001
0010001010000001
0010001010000001
00000000000000000
00000000001111111
00000000000000000
00000000000000000
00000000000000000
00000000000000000
00000000000000000
00000000000000000
11111000000000000
00000000000000000
00000000000000000
00000000000000000
00000000000000000
00000000000000000
00000000000000000
00000000000000000
9 14 3 0
4 16 11 8
9 13 4 14
8 8 3 15
1 11 15 4
14 12 16 10
8 16 10 13
1 4 12 15
14 16 4 10
16 16 8 2
6 2 9 12
11 13 9 9
5 11 2 6
4 1 9 3
14 3 2 4
1 10 10 10
2 13 16 14
15 8 4 4
6 13 11 6
15 15 8 13
15 0 15 9
7 13 16 8
4 13 7 9
9 5 4 8
8 4 14 8
