18 22 3081
00000100010010000
00000100010010000
00000100010011000
00000100010011000
00000100010011000
00000000010011000
00000000010001000
00000000010000000
00000000010000000
00000000010000000
00000000010000000
00000000010001000
00000000010001000
00000000010001000
00000000010001000
00000000010000000
00000000000000000
00000000000000000
000000000000000000
000000110000000111
000000111000000000
110000110000000000
000000000000000000
000000000000000000
000000000001111111
000000000000000000
000000000000000000
110000000011100000
000000000001111111
000000000000000000
000000000000000000
000000000000000000
000000000000000000
000000000000000000
000000000000000000
7 4 8 13
12 17 12 3
6 16 10 5
0 3 6 8
8 4 3 1
13 8 9 8
16 0 10 0
8 14 7 11
17 4 13 16
13 14 11 17
1 4 1 16
17 13 7 17
3 5 12 5
2 10 17 14
5 9 16 6
14 15 16 9
12 7 5 6
4 9 12 13
8 9 17 0
12 8 9 11
3 11 0 12
7 15 11 9
