20 27 2430
0010000000010000000
0010000000010000000
0010000000000000000
0010000000000000000
0000000000000000000
0000000000000000000
0000000000000000000
0000000000000000000
0000000000000000000
0000000000000000000
1000000000000000000
1000000001000000000
1000000001000000000
0000000001000000000
0000000001000000000
0000000001000000000
0000000001000000000
0000000001000000000
0000000001000000000
0000000001000000000
00000000000000000000
00000000000000000000
00000000000000000000
00000000000000000000
00000000000000000000
00000000000000000000
00000000000000000000
00000000000000000000
11111111111111100000
00000000000000000000
00000000000001111111
00000000000000000000
11111111100000000000
00000000000000000000
00000000000000000000
00000000000000000000
00000000000000000000
00000000000000000000
00000000001111110000
5 8 4 15
8 7 15 6
9 6 4 14
19 1 0 14
15 12 17 1
0 15 0 3
17 3 14 8
11 2 4 9
4 12 15 1
18 15 9 11
4 3 19 8
6 4 5 2
10 14 2 12
11 9 7 5
6 18 14 6
3 4 0 8
14 11 14 14
7 10 3 15
7 18 10 8
13 8 6 19
14 4 9 0
8 16 12 18
9 16 19 13
17 13 7 17
2 14 6 13
1 0 3 16
19 3 5 1
