18 29 8903
00000001010000000
00000001010000000
00000001010000000
00000001010000000
00000001010000000
00000001010000000
00000001010000000
00000001010000000
00000001010000000
00000001010000000
00000001000000000
00000001000000000
00000001000000000
00000100000000000
00000100000000000
00000100100000000
00000100100000000
00000100100000000
000000000000000000
000000000000000000
000000000000000000
000000000000000111
000000000000000000
000000000000000000
000000000000000000
000000000000000000
000000000000000000
000000000000000000
000000000000000000
000000000000000000
111000000000000000
000000000000000000
000000000000000000
000000000000000000
000000000000000000
15 1 8 17
11 15 12 6
10 10 11 11
0 8 14 9
10 13 17 5
4 12 15 16
0 17 13 4
0 9 4 8
14 10 14 15
9 4 11 16
11 5 6 9
10 15 17 12
7 0 4 2
7 1 8 10
16 13 5 2
1 7 10 3
5 1 7 5
5 4 15 3
12 8 6 11
10 2 2 17
5 16 0 0
3 1 5 8
2 15 10 0
2 11 12 5
14 2 17 16
3 12 15 10
14 1 7 14
9 10 2 9
14 7 7 10
