19 20 1970
000000000000000000
000000000000000000
000000000000000000
000000000000000000
001000000000000000
000000001000000000
000000001000000000
001000001000000000
001000001000000000
001000001000000000
001000000000000000
001000000000000000
001000000000000001
001000000000000001
001000000000000001
001000000000000001
001000000000000001
011000000000000001
010000000000000001
0000001111111111111
0000000000000000000
1111111111111111100
0000000000000000000
1111111111111110000
0000000000000000000
0000000000000000000
0000000000000000000
0000000000000000000
0000000000000000000
1111000000000000000
0000000000000000000
0000111111111111110
0000000000000000000
0000000000000000000
0000000000000000000
0000000000000000000
0000000000000000000
10 7 5 9
3 6 7 12
4 14 7 5
17 15 11 12
7 4 6 3
18 8 6 7
1 12 10 18
12 17 15 3
17 4 12 9
0 11 18 0
12 18 9 18
9 8 16 16
5 11 18 11
7 14 0 1
17 6 4 4
16 0 11 4
7 8 8 12
18 6 17 12
13 4 14 16
3 18 14 17
