20 20 9520
0000100000000101000
0000100000000111000
0000100000000011000
0000100000000011000
0000100000000001000
0000100000000001000
0000000000000000000
0001000011000100000
0011000011000100000
0011000011000100000
0010000011000100000
0010000011000100000
0010000011000000000
0010000011100000000
0010000011100000000
0010000001100000100
0010000001100000100
1010000001100000100
0000000000000000000
0000000000000000000
00000000000000001000
00000000000000000000
00000000000000000000
00000000000000110000
00000000000000000000
00000111111110000000
00011111110000111111
00000000000000000000
00000000000000000000
00000000000000000000
00000000000000000000
00000000000000000000
00000000000000000000
00000000000000011111
00000000000000000000
00000000000000000000
00000000000000000000
01111111111111111111
00000000000000000000
19 0 8 14
1 15 19 12
3 10 5 11
13 7 13 10
1 8 14 16
9 11 9 7
5 16 12 13
16 16 3 9
7 0 18 10
16 17 0 6
11 11 0 7
19 6 0 12
6 0 9 3
8 16 16 11
11 2 17 7
18 13 12 4
11 3 18 9
13 15 9 17
7 17 10 15
8 11 0 0
