19 20 1858
010000000010011000
010000000000011000
000000000000011000
000000100000011000
010000000000011000
010000000000011000
010000000000011000
010000000000001000
010000100000001000
010000100000001000
010000100000001010
110000100000001010
110000100000001010
110000100000001010
110000100000000010
110000000000000010
110000000000000010
110000000000000010
110000000000000000
0000000000000000000
0000000000000000000
0000000111111100000
0000000000000000000
0000000000000000000
0000000000000000000
0000000000000000000
0000000000000000000
0000000000000000000
0000000000000000000
0000000000000000000
0000000000000000000
0000000000000000000
0000000000000000000
0011111000000000000
0000000000000000000
0000000000000000000
0000000000000000111
5 9 7 8
3 14 16 18
18 1 3 7
4 1 7 12
9 8 16 11
12 12 14 1
13 12 2 6
7 5 1 11
9 15 17 11
6 2 4 5
11 5 2 7
18 0 5 17
0 8 14 5
4 15 4 6
12 16 10 7
16 0 14 17
12 9 10 4
3 8 4 13
6 0 8 15
10 17 3 0
