18 13 3493
00000000000000000
00000000000000000
00000000000000000
00000000000000010
00000000000000010
00000000000000010
00000000000000010
00000000000000010
00000000000000010
00000000000000010
00000000000000010
00000000000000010
00000000000000010
00000000000000010
00000000000000010
00010010000000010
00010010000000010
00010010000000010
000000000000000000
000000000000000000
000000000000000000
000000000000000000
001111111111111100
000000000000000000
000000000000000000
000000000000000000
000000000000000000
000000000000000000
000000000000000000
000000000000000000
000000000000000000
000000000000000000
000000011111100000
000000000000000000
000000000000000000
13 13 4 1
8 7 4 14
3 15 16 15
9 10 2 7
7 8 8 12
12 17 10 11
15 13 9 3
16 13 9 12
7 17 11 4
6 13 3 13
12 5 6 6
15 8 10 13
2 5 8 15
