18 19 11274
00000010001000000
00000000001000000
00000000001000000
00000000001000000
00000000001000000
00000000001000000
00000000100000000
00000000100000000
00000000110010000
00000000110010000
00000000110010000
00000000110010000
00000000110010000
00000000110000001
00000000110000001
00000000110000001
00000000110000001
00000000110000001
000000000000000000
000000000000000000
000000000000000000
000000000000000000
000000000000000000
111000000000000000
000000000000000000
000000000001111111
000000000000000000
111111100000000000
111000000000000000
011111111000000000
000000000000000000
111111100000000000
000000000000000000
000000000000000000
000000000000000000
10 5 0 8
12 2 13 17
11 6 11 3
0 2 0 0
4 11 10 9
8 0 2 1
16 16 12 12
6 7 2 10
14 8 10 6
7 9 7 5
14 16 4 3
8 2 14 10
8 10 10 7
15 13 13 6
11 15 6 1
4 10 10 14
9 3 2 4
11 14 7 15
10 11 3 13
