20 16 2552
0001000000000000000
0001000000000010000
0001000000000010000
0001000000011000100
0001000010010000100
0001000010010000100
0001000010010100100
0001000010010100100
0001000010010100100
0001000010010100100
0001000010010100000
0001000010010100000
0001000010000100000
0001000001000000000
0001000001000000000
0001000001000000000
0001000001000000000
0001000000000000000
0001000000000000000
0000000000000000000
00110000000000000000
00000000000000000000
11001111111111111100
00000000000000000000
00000000000000000000
00001111000000000000
00000000000000000000
00000000000000000000
00000000011000000000
00000000000000000000
00000111100000000000
00000000000000000000
00000111111111111111
00000000000000000000
01110000000000000000
00000000000000000000
00001111000000000000
00000000000000000000
00000000000000000000
0 8 8 10
5 10 17 12
7 8 4 4
13 16 11 0
19 8 13 8
3 10 15 2
12 16 9 17
5 16 17 6
17 18 12 15
0 19 18 8
16 6 18 7
4 15 5 19
3 18 19 3
10 1 12 1
5 17 10 13
19 15 1 14
