18 12 1093
00000000010000100
00000000010000000
00000010010000000
00000010010000000
00000010010000000
00000010000000000
00010010000000000
00010010000000000
00010010000000000
00110010000000000
00110010000000000
00110010000000000
00110010000000000
00110010000000000
00000000000000000
00000000000000000
00000000000000000
00000000000000000
000000000000011000
000000000000000000
000000000011000000
000000000000000000
000000000000000000
000000000000000000
000000000000000000
000000000000000000
000000000000000000
000001100000000000
000000000000000000
000000000000111111
000000000000000000
111111111111000000
000000000000000000
000000000000000000
000000000000000000
12 4 3 5
17 8 9 15
0 7 17 1
5 6 5 1
1 6 12 9
11 12 2 4
11 14 4 9
16 13 4 4
4 0 6 8
13 2 17 17
1 10 16 16
0 17 1 7
