18 30 19165
00000000000000000
00000000000000000
00000000000000000
00000000000000000
00000000000000000
00000000000000000
00000000000000000
00000000000000000
00000000000000000
00000000000000000
00000000000000000
00000000000000000
00000000000000000
00000000000000000
00000000000000000
00000000000000000
00000000000000000
00000000000000000
000000000000000000
000000000000000000
000000000000000000
000000000000000000
000000000000000000
000000000000000000
000000000000000000
111111100000000000
000000000000000000
000000000000000000
000000000000000111
000000000000000000
000000000000000000
000000000000000000
000000000000000000
000000000000000000
000000000000000000
3 14 8 1
12 11 11 6
15 9 11 3
14 5 4 5
11 11 8 12
13 12 10 2
16 16 16 12
12 4 8 2
9 8 1 15
2 8 5 9
16 2 5 0
15 11 3 6
12 9 17 2
6 5 16 11
11 12 10 16
0 14 9 5
1 5 16 4
13 6 13 15
4 3 8 5
7 7 7 11
5 3 15 13
17 17 12 16
15 8 12 12
13 16 15 16
4 14 3 4
2 4 10 10
0 6 7 5
14 9 1 11
8 14 6 2
0 0 17 16
