19 17 2900
000000010001100000
010000010001100000
010000010001100010
010000010001100010
001000010001100000
001000010001100000
001000010001100000
001000010001000000
001000010000000010
001000000000000010
001000000000000010
001000000000000010
000000000000000010
000000000000000010
000000000000000000
000000000000000010
000000000000000010
000000000000000010
000000000000000000
0000000000000000000
0000000000000011111
0000000000000000000
1111110000000000000
0000000000000000000
0000000000000000000
0000000000000111000
0000000000000000000
0000000011100000000
0000000000000000000
0000000000000000000
0001111111110000000
0000000000000000000
0000000000000011111
0000000000111111111
0000000000011111100
0000000000000000000
0000000000000000000
17 14 9 15
18 12 17 17
3 2 12 7
8 13 10 16
11 10 1 0
14 6 6 17
8 15 5 4
8 5 11 6
15 15 18 14
4 2 16 17
16 7 18 5
2 10 5 6
9 2 11 7
2 2 4 8
16 8 16 2
13 4 5 5
17 13 18 1
