19 12 1128
000000000000000000
000000000000000000
000000000000000000
000000000000000000
000000000000000000
000000000000000000
000000000000000001
000000000000000001
000000000000000001
000000000000000001
000000000000000001
000000000000000001
000000000000000001
000000000000000001
000000000000000001
000000000000000001
000000000000000001
000000000000000001
000000000000000001
0000000000000000000
0000000000000000000
0000000000000000000
0000000000000000000
0000000000000000000
0000000000000000000
0000000000000000000
0000000000000000000
0000000000000000000
1111111111000000000
0000000000000000000
0000000000000000000
0000000000000000000
0000000000000000000
0000000000000000000
0000000000000000000
0000000000000000000
0000000000000000000
13 17 4 1
9 7 14 18
9 18 5 6
11 17 3 6
3 3 9 12
7 3 11 10
14 13 18 9
5 0 5 13
12 3 18 10
9 11 11 12
10 18 8 5
5 17 2 16
