15 12 3962
10000000000000
10000100000000
10000100000000
10000100000000
10000100000000
11000100000000
11000000010000
11010000000000
10010000000000
10010000000000
10010000000000
10000000000000
11000000000000
11000000000100
00000000000100
000000000000000
000000000000000
000000000000000
000000000000000
010000000000000
000111111111111
000000000000000
000000000000000
000000000011111
000000000000000
000011111111111
000000000000000
000000000000000
001111111111000
11 8 6 8
8 13 3 6
12 7 5 5
12 5 0 3
9 10 5 11
1 10 12 2
2 5 9 9
13 8 14 6
1 9 12 1
4 2 6 4
3 3 9 12
12 3 14 14
