15 23 2431
00000000000000
00000000000000
00000000000000
00000000000000
00000000000000
00000000000000
00000000000000
00000000000000
00000000000000
00000000000000
00000000000000
00000000010000
00000000010000
00000000010000
00000000010000
000000000000000
000000000000000
000000000000000
000000000000000
000000000000000
000000000000000
000000000000000
000000000000000
111111111111000
100000000000000
000000000000000
000000000000000
000000000000000
000000000000000
8 14 13 0
6 5 3 5
3 11 3 10
9 14 9 10
11 5 6 3
7 5 14 10
1 7 11 14
8 2 4 0
9 8 10 14
14 11 14 13
10 5 1 6
7 10 12 13
2 7 6 11
0 3 14 1
5 2 10 9
11 8 3 6
0 5 8 9
3 3 6 1
0 11 7 7
3 9 12 1
12 7 4 10
9 9 13 11
5 7 6 8
