15 9 2065
00000000000000
10000000010000
10000000010000
10000000010000
10000000010000
10000000010000
10000000010000
10000000010000
10000000010000
10000000010000
10000000010000
10000000010000
10000000010000
10000000010000
10000000010000
000000000000000
000000000000000
000000000000000
000000000000000
000000111111100
000000000000000
000000000000000
000000000000000
000000000000000
000000000000000
000000000000000
000000000000000
000000000000000
000000000000000
3 9 1 0
4 9 10 6
10 7 8 11
6 4 3 3
5 12 5 11
7 7 12 5
2 1 2 12
11 6 5 3
12 13 7 9
