17 19 7035
0000000000000010
0000000000000010
0000000000000010
0000000000000010
0000100000000110
0000100000000110
0000000000000110
0000000010000110
0000000010000110
0000000010010110
0000000010010110
0000000010010110
0000000010010110
0000000010010110
0000000100010100
0000000100010100
0000000100010100
00000000011111100
00000000111111100
00000000000000000
00000000000000000
00000000000000000
11111111000000000
11111111111110000
00000000000000000
00000000000000000
00000000000000000
00000000000000000
11111110000000000
00000000000000000
00000000000000000
00000000000000000
11111110000000000
8 5 14 3
4 1 13 6
1 5 10 6
9 8 14 9
5 7 11 11
12 6 15 16
11 4 12 15
2 4 7 11
10 2 0 2
3 3 5 9
3 16 10 13
5 14 0 13
0 7 13 5
15 5 6 2
8 7 1 15
8 3 6 10
3 0 5 12
8 8 4 15
13 14 12 5
