19 26 5062
011000111100000000
011000111100000000
011000111100000000
011000111100000000
011000111101000000
011000111101000000
111000111101000000
111000111101000000
111000111100000000
111000100100000000
101100100100000000
101100100100100000
101100100100100000
101100000000100001
101100000000100001
101100000000100001
100100000000100001
100100000000100001
100100000000100001
0000000000000000000
0000000000000000000
0000000000000000000
0000000000000000000
0000001000000000000
0000000000000000000
0000000000000000000
0000000000111111000
0000000000000000000
0000000000000000000
0000000000000000000
0000000000000000000
0000000000000000000
0000000000000000010
0000000000000000000
0000000000000000000
0000000000000000000
0000000000000000000
16 16 18 10
18 2 7 11
17 14 6 14
2 7 13 14
16 4 0 5
9 13 15 6
13 12 9 18
12 6 12 17
8 11 1 1
14 8 10 18
13 9 1 2
10 7 3 16
0 18 7 5
5 5 12 9
4 8 10 3
17 8 0 6
15 14 6 1
12 12 0 14
8 8 8 5
5 13 8 17
1 14 10 0
6 4 9 12
9 2 12 7
13 17 13 2
7 6 16 7
5 6 0 2
