19 10 3848
000010000000000000
000010000000000000
000010000000000000
000010000000000100
000010000010100100
000000000010100100
000000000010100100
000000000010100100
000000000010100000
000000000010100000
000000000010000000
000000000010000000
000000000000100000
010000000100100000
010000000100110000
010000010100110000
010000010000000000
000000000000000000
000000000000000000
0000000000000000000
0000000000000000000
0000000000000000000
0000011111111000000
0000000000000000000
0000000000000000000
0000000000000000000
0000000000000001111
0000000000000000000
0000000000000000000
0000000000000000011
0000000000000000000
0000000000000000000
0000000000000000000
0000000000000000000
0000000000111111111
1111111111111111000
0000000000000000000
15 10 12 11
8 5 8 1
7 9 0 13
14 10 7 16
9 15 15 13
4 1 5 12
1 0 15 0
5 17 9 16
15 8 1 7
14 11 16 15
