18 23 7218
00000000000000010
00000000000000010
00000000000000000
00000000000001000
00000000000001000
00000000001001000
00100000001001000
00100000001001000
00100000001001000
00100000001001000
00100000001001000
00100000000001000
00100000000010000
00000000000010000
00000100010010000
00000000000010000
00000000000010000
00000000000010000
000000000000000000
000000000000000000
011111111111111111
111111111111100000
111111111110110000
111100000000000000
000000000000000000
000000000000000000
000000000000000000
000000000000000000
000000000000000000
000000000001100000
000000000000000000
000000000000000000
000011111111100000
001111111111100000
111000000000000000
5 2 11 16
6 7 6 5
13 3 1 5
3 3 10 7
0 3 11 1
16 17 12 3
5 15 0 11
8 13 0 6
4 6 3 14
2 10 0 5
15 4 4 17
9 10 8 15
10 14 11 10
14 15 10 0
16 15 7 5
13 13 0 1
10 12 1 0
17 6 3 8
13 15 9 12
2 16 9 0
6 15 12 2
13 7 9 4
7 13 5 4
