18 34 12728
00100000011011000
00100000011011000
00100010011011000
00100010011011000
00100010011011000
00100010011011000
00100010011010000
00100000001010000
00100000001010000
00100000001010000
00000000000010000
00000000000010000
00000000000010000
00000000000010000
00000000000010000
00000000000010000
00010000000010000
00010000000000000
000000000000000000
000000000000000000
000000000000000000
000000000000001110
000000000000000000
000000000000000000
100001111100000000
000000000001000000
000000000000000000
000000000000000000
111111000000000000
000000000000000000
000000000000000000
111111111000000000
000000000000000000
000000000000000000
000000000000000000
11 14 17 9
1 15 1 8
17 17 4 17
15 4 7 1
5 1 17 7
7 2 15 8
12 7 9 1
9 4 10 2
10 17 9 9
16 17 2 4
9 17 4 12
9 7 9 11
8 9 5 12
11 15 17 3
3 5 14 0
0 17 12 9
8 8 6 8
2 8 13 17
6 13 13 4
12 12 14 13
16 15 3 8
15 2 7 7
7 6 1 11
7 0 0 16
11 9 6 10
16 13 17 6
8 12 3 15
11 4 13 3
9 5 3 12
13 14 5 3
0 2 17 10
14 6 4 11
1 13 4 7
3 9 7 5
