15 25 1699
00000000001010
00000000001010
00000000001010
00000000001010
00000000001010
00000000001010
00000000001010
00000000001010
00000000001010
00000000001010
00000000001010
00000000000010
00000000100010
00000000100010
00000000100000
000000000000000
000000000000000
000000000000000
000000000000000
000000000000000
000000000000000
000000000000000
000000000000000
000000000000000
000000000000000
000000000000000
000000000000000
000000000000000
000000000000000
3 1 3 2
13 11 5 14
12 0 12 3
3 12 10 10
11 10 1 9
8 2 8 13
7 0 11 3
4 8 9 11
2 6 10 12
7 6 9 5
12 8 4 2
0 6 4 14
1 6 0 12
8 7 2 1
3 0 13 9
12 1 5 8
8 8 14 6
14 9 7 5
4 13 9 14
5 1 11 8
8 5 5 7
6 4 1 13
7 12 7 2
11 6 13 13
1 2 7 14
