14 11 1181
0000000000000
0000000000000
0000000000000
1000000000101
1000000000101
1000010000101
1000000000101
1000000000101
1000000000001
1000000010000
1000000010000
1000000010000
1000000010000
1000000010000
00001111111111
10000000000000
00001111111111
00000000000000
01111111110000
00000000000000
00000000000000
00000000000000
00000000000000
00000000000001
00000000000000
00000000000000
00000000000000
7 0 3 0
10 3 10 2
8 2 13 1
11 12 8 11
6 6 4 2
12 9 9 11
8 12 7 8
9 9 0 6
13 9 5 6
3 13 10 5
2 11 12 6
