14 20 4750
0000000000000
0000000000000
1000000000000
1000000000000
1000000001000
1000000001000
1000000001000
1000000001000
1000000001000
1000000000000
1000000000000
1000010000000
1000010000000
0000010000000
00000000000000
00000000000000
00111111111111
00000111110000
00000000000000
00000000000000
00000000000000
00000000000011
00000001111111
11111111110000
00000000000000
00000000000000
00000000011111
0 10 13 12
10 12 6 13
1 2 6 10
7 12 7 8
4 13 1 3
13 0 5 2
8 4 0 1
1 9 0 11
4 3 10 8
10 9 1 7
3 7 0 4
4 6 11 4
5 0 4 5
12 0 1 13
0 9 1 11
5 6 7 10
9 11 5 11
3 1 11 2
6 9 6 7
13 5 1 1
