20 14 3566
1010010000000000000
1010010000010000000
1000010000000000000
1000010000000000000
1000010000000000001
1000010000000000001
1000010010000000001
1000010010100000001
1100010010100000001
1100010010100000001
1100110010101000001
1100100010101000001
0100100010101000001
0100100010101000001
0100100010101000001
0100100010101000001
0100100010101000001
0101100010101000001
0101100010101000001
0101100010101000001
00000000000000000000
00000000000111111111
00000000000001111111
00000000000000000000
00000000000000000000
00000000000000000000
00000000000000000000
00000000000000000000
00001100000000000000
00000000000000000000
00000000000000000000
00000000000000000000
01000000000000000000
00000000000000000000
00000000000000000000
00000000000000000000
00000000000000000000
00000000000000000000
00000000000000000000
18 2 5 9
8 12 8 1
4 10 18 19
1 6 9 14
0 2 11 6
2 9 5 7
9 2 6 16
2 17 12 12
18 14 13 15
0 5 17 14
9 16 15 16
8 0 4 3
19 16 10 7
12 17 11 17
