20 16 9638
1000000000000101000
1000000000000101000
0000000000001101000
0000000000001101000
0000000000001101000
0000000000001101000
0000000000001101000
0000000000001101000
0000000000001101000
0000000000001101000
0000000000001101000
0000000000001101000
0000000000001101000
0000000000001101000
0000000000001101000
0000000000001100000
0000000000001100000
0000000000001100000
0000000000001000000
0000000000001000000
00000000000000000000
00000000000000000000
11111111111000000000
00000000000000000000
00000000000000000000
00111111111110000000
00000111111110000000
00000000000110000000
00000000000000000000
00000000011110000000
11111100000000000000
00000000000000000000
00000000000000000000
00000000000000000000
00000000000000000000
00000000000000000000
00000000000000000000
00000000000000000000
11111000000000000000
2 5 12 2
18 16 2 10
8 10 5 13
12 8 10 1
8 12 4 9
5 11 18 12
0 18 6 12
0 0 2 4
10 5 18 14
1 18 18 9
18 1 1 1
10 8 4 6
14 13 12 15
16 12 4 5
10 14 4 3
17 0 1 16
