17 16 3975
0000000000000000
1101000000000000
1101000000000000
1101000000000000
1101000000000000
1101000000000000
1101000000000000
1101000000000000
1101000000000000
1101000000000000
1001000000000000
1000000000000000
1000000000000000
1000000000000000
1000000000000000
0000000000000000
0000000000000000
11111111111000000
00000000000000000
00000000000111111
00000000000000000
00000000000000011
00001111111000000
00000000000000000
00000000000000000
00000000000000000
00000000000000000
00000000000000000
00000000000000000
00000000000011111
00000000000000000
00000000000000000
10111111111111111
12 1 9 1
10 4 14 11
15 4 6 10
11 9 15 10
15 0 9 11
15 14 2 4
0 2 4 12
0 1 5 10
15 1 14 13
14 7 10 9
6 8 13 16
5 11 3 15
16 5 1 14
5 3 11 11
16 11 0 13
13 5 16 9
