17 11 1909
0000100000000001
0000100000000001
0000100000000001
0000100000000001
0000100000000001
0000100000000001
0000100000000001
0000100000000001
0010100000000001
0010110000000001
0010010000000001
0010010000000001
0010010000000001
0010010000000001
0010010000000000
0010010000000000
0010010000000000
00000000000000000
11110000000000000
00000000000000010
00000000000000000
00000000000000000
00000000111111110
00000000000000000
10000000000000000
10000000000000000
00000000000000000
00000011111100000
00000000000000000
00000000000000110
00000000000000000
00000000000000000
01100000000000000
4 7 6 10
6 15 12 6
14 12 6 6
11 5 9 1
1 10 9 14
15 4 2 1
16 4 16 16
4 4 0 6
11 6 2 15
9 0 10 5
2 4 2 16
