17 21 3920
1000000010000010
0000000010000010
0000000010000010
0000000010000010
0000000010000010
0000000010000010
0000000010000010
0000000010000010
0000000010000010
0000000000000010
0000000000000010
0000000000000000
0000000000000000
0000000000000000
0001000000000010
0001000000000000
0000000000000000
00000000000000000
00000000000000000
00000000000000000
00000000000000000
00000000000111100
00000000000000000
00000000000000000
00000000000000000
00000000000000000
00000000000000000
00000000000000000
00000000000000000
00000000000000000
11111111111111110
00000000000000000
00000111111111111
5 1 12 4
7 6 12 8
9 13 3 0
13 15 5 13
16 14 4 11
9 14 0 1
14 15 3 2
16 13 9 10
1 1 11 4
9 6 0 10
10 2 5 6
13 4 0 7
8 0 12 12
5 0 1 6
4 3 3 8
14 4 1 14
6 11 16 6
8 10 14 11
0 8 9 2
13 2 5 16
14 12 16 10
