18 10 737
00000000000000000
00000000000000100
00000000000000100
00000000000000100
00000000000000100
00000000000000100
00000000000000100
00000000000000100
00000000000000100
00000000000000100
00000000000000100
00000000000000100
00000000000000100
00000000000000100
00000000000000100
00000000000000100
00000000000000100
00000000000000100
000000000000000000
000000000000000000
000000000000000000
000000000000000000
000000000000000000
000000000000000000
000000000000000000
000000000000000000
000000000000000000
000000000000000000
000000000000000000
000000000000000000
000000000000000000
000000000000000000
000000000000000000
000000000000000000
000000000000000000
14 8 8 15
9 10 16 11
11 3 7 11
0 5 4 3
7 3 13 6
13 10 15 3
9 6 0 10
16 15 7 7
8 9 0 0
13 1 6 5
