20 35 22797
0000000000000000000
0000000000000100000
0000000000000100000
1000010000000000000
1000010000000000000
1000010000000000000
1000000000000000000
1000000000000000000
1000000000000000000
0000000000000000000
0000000000000000000
0000000000000000000
0000000000000000000
0000000000000000000
0000000000000000000
0000000000000000000
0000000000000000000
0000000000000000000
0000000000000000000
0010000000000000000
00000000000000000000
00000000000000000000
11111111111111110000
00000000000000000000
00000000000000000000
00000000000000000000
00011111111111111111
00000000000000000000
00000000000000000000
00000000000000000000
00000000000000000000
00000000000000000000
00000000000000000000
00000111111111111111
00000000000000000000
00000000000000000000
00000000000000000000
00000000111111111111
00000111111111111111
9 19 5 11
6 3 1 1
17 8 16 13
6 19 13 13
15 19 13 19
2 3 18 14
15 18 9 14
3 1 3 6
15 0 7 17
9 10 0 17
5 5 16 3
2 9 12 19
7 3 18 0
1 12 19 12
2 8 0 4
10 11 4 16
0 15 19 19
18 13 8 10
14 7 10 18
17 12 12 11
18 9 8 5
9 3 18 4
0 18 4 8
7 9 0 14
15 15 14 10
4 3 16 1
5 6 5 14
8 0 4 19
14 14 8 7
10 6 12 10
16 0 13 11
6 17 6 11
10 9 4 5
1 4 3 0
12 5 19 13
