15 29 1944
01000000000000
01000000000000
01000000000000
01000000000000
01000000000000
00000000000000
00000000000000
00000000000000
00000000000000
00000000000000
00000000000000
00000000000000
00000000000000
00000000000000
00000000000000
000000000000000
000000000000000
000000000000000
000000000000000
000000000000000
000000000000000
000000000000000
000000000000000
000000000000000
111111111000000
000000000000000
111111111111110
000000000000000
111111111111110
3 7 2 14
7 8 6 3
9 9 2 5
12 5 5 5
4 6 10 0
12 13 4 0
10 5 12 0
2 8 11 12
9 2 5 12
14 4 14 0
3 12 1 6
12 3 10 8
14 1 1 7
4 2 8 2
13 12 5 13
11 8 3 14
12 2 7 0
5 4 9 4
10 4 2 1
6 10 9 5
4 13 1 12
4 10 7 3
1 13 9 7
0 2 3 11
11 13 8 6
7 13 14 12
1 10 5 0
5 3 5 8
3 3 2 6
