V 5 15 14 1
H 4 7 10 2
H 1 8 8 4
H 19 5 1 10
H 14 12 2 2
V 16 5 2 8
V 1 8 6 4
H 7 15 10 2
H 16 15 2 2
V 8 15 8 1
V 12 14 4 4
V 9 5 4 1
V 0 5 2 8
V 16 4 2 12
H 1 5 4 2
V 12 11 2 3
V 10 14 6 4
H 0 11 9 2
H 8 6 1 4
H 7 9 3 4
H 15 3 1 10
H 8 3 6 2
H 8 3 5 2
V 4 0 6 1
V 0 2 2 3
V 3 8 6 1
V 0 16 16 1
H 0 18 17 2
H 13 1 1 8
V 0 6 14 2
H 2 0 3 2
V 3 10 6 1
H 0 14 16 2
H 15 4 3 4
H 15 5 4 4
H 11 15 1 4
H 0 5 4 2
H 14 1 1 8
H 16 12 1 2
V 2 0 2 1
H 2 3 2 2
H 18 4 1 6
H 9 1 9 2
V 4 12 2 1
H 4 18 4 2
H 3 9 8 4
V 7 7 4 1
V 7 8 4 1
V 16 6 4 2
H 11 2 3 8
H 10 5 2 2
V 1 5 10 1
H 16 14 2 2
H 5 15 1 2
H 11 5 3 6
V 14 5 6 7
V 2 0 2 5
V 5 9 2 2
H 7 5 4 4
V 16 10 2 6
V 0 15 6 2
V 3 18 2 2
V 10 16 4 4
V 18 5 2 11
V 7 7 4 6
V 0 16 12 2
V 17 4 2 9
V 1 18 12 1
V 16 5 2 3
H 13 11 1 2
V 13 14 2 3
H 4 1 12 4
H 18 7 2 2
V 12 3 2 11
V 2 6 4 2
H 1 18 11 2
V 8 3 10 2
V 11 19 2 1
H 6 9 1 2
V 1 9 2 1
H 5 5 1 2
V 11 15 2 2
V 8 2 12 1
H 5 5 5 2
V 14 3 4 11
H 12 14 5 4
H 3 5 4 4
H 10 15 1 2
V 6 3 2 1
H 1 14 4 2
V 6 4 10 1
V 2 1 10 2
H 15 16 2 2
H 10 7 3 2
H 14 10 1 2
H 18 10 2 4
V 2 19 16 1
V 11 17 4 2
H 16 9 4 10
V 14 7 6 3
V 5 16 8 1
V 1 6 6 3
V 1 12 10 1
H 9 18 2 2
V 6 14 2 4
H 8 14 4 2
V 0 9 4 1
V 12 14 8 5
H 14 15 1 2
V 14 2 4 10
V 9 15 2 1
H 11 2 1 4
H 7 2 11 2
H 19 14 1 2
V 17 11 2 6
H 6 1 6 4
V 16 6 2 7
H 2 15 17 2
V 5 16 2 1
V 13 15 4 2
V 11 14 8 5
V 10 14 2 3
H 7 15 1 2
H 3 9 5 4
V 2 5 6 4
V 5 7 2 1
V 6 4 2 1
V 14 0 6 1
V 6 8 6 1
V 6 2 8 2
V 8 15 4 3
V 3 14 2 3
V 12 15 6 1
V 16 4 2 2
H 5 6 3 6
V 9 1 8 1
V 10 14 8 5
V 9 16 6 2
V 7 9 2 2
V 2 15 2 3
H 15 17 4 2
V 14 4 2 3
H 12 2 1 6
V 1 5 8 1
V 1 4 2 1
H 17 6 1 12
V 18 9 2 1
H 12 16 8 2
H 9 8 2 2
H 14 3 3 10
V 5 1 4 1
H 6 7 1 4
H 8 1 11 2
V 7 2 4 2
H 12 18 3 2
H 2 18 16 2
V 8 18 4 2
V 1 15 8 2
H 15 7 1 4
V 11 14 8 1
V 7 15 10 2
V 18 16 2 3
H 18 6 2 2
V 5 7 2 1
H 18 4 2 14
H 6 6 1 2
V 0 5 6 1
H 6 7 1 4
V 15 6 2 4
V 3 16 14 2
V 7 15 6 2
H 14 10 1 4
V 4 0 8 1
V 0 13 6 1
H 3 7 3 2
V 6 5 8 3
V 12 15 6 3
H 10 16 3 2
V 12 15 2 3
H 5 2 2 2
H 5 8 3 4
V 15 6 2 5
V 0 5 4 5
V 18 9 2 1
H 14 5 1 6
V 3 16 2 2
V 4 19 2 1
H 5 15 7 2
H 5 14 11 2
V 0 3 2 2
H 11 14 8 2
H 17 13 1 2
H 3 5 7 2
V 0 16 2 2
V 1 6 4 7
V 16 4 4 1
V 4 1 2 1
V 13 0 2 1
H 11 16 1 2
V 4 19 4 1
V 3 11 2 2
V 4 15 12 1
H 6 1 4 2
V 0 4 2 1
V 11 17 2 3
H 17 6 2 8
H 14 14 1 4
V 14 14 2 1
H 2 5 1 2
V 8 0 12 1
V 2 6 10 3
H 2 6 6 6
V 11 11 2 1
H 11 5 1 6
H 3 14 16 2
H 16 13 2 2
V 2 18 6 2
H 16 13 2 6
H 12 9 1 4
H 15 4 3 2
V 0 0 2 3
V 18 15 2 2
H 2 18 1 2
H 1 6 5 2
H 14 17 3 2
H 1 15 17 2
V 5 14 4 1
V 9 18 2 1
V 14 8 2 3
H 1 15 7 2
V 13 16 2 3
H 17 13 2 2
H 11 16 2 4
V 17 18 2 2
V 4 9 2 4
V 18 4 2 13
H 0 3 1 2
H 16 7 1 12
H 2 18 17 2
H 4 16 14 2
V 9 4 2 7
V 9 14 2 2
H 15 10 1 2
H 10 2 7 2
V 6 5 2 6
H 4 6 6 2
V 15 12 2 2
H 14 6 6 4
V 8 14 8 1
V 0 16 4 2
H 4 7 5 2
H 14 10 5 4
V 7 6 2 1
H 0 1 1 2
V 2 5 12 4
V 14 2 2 4
V 3 5 8 3
V 1 9 4 2
V 17 9 2 2
H 0 9 3 2
H 3 14 9 2
V 18 8 2 8
H 9 5 4 2
V 3 0 4 2
V 11 17 2 2
V 12 3 6 1
V 17 9 2 6
V 7 7 4 4
V 3 8 6 2
H 7 2 2 2
H 4 6 1 6
H 14 4 4 2
V 17 5 2 3
V 17 9 2 2
V 7 14 4 3
V 18 5 2 10
V 17 5 2 4
V 11 5 2 1
V 11 15 6 1
H 7 2 6 2
V 5 9 4 4
V 10 4 8 1
V 8 12 2 2
H 14 4 2 2
V 6 14 12 1
H 5 12 1 2
H 16 4 2 14
V 11 15 6 3
H 9 4 3 2
H 11 2 3 4
H 6 8 4 2
H 13 1 3 2
V 11 1 2 1
H 3 7 6 4
H 14 3 2 4
H 5 6 4 2
H 4 10 3 2
V 6 5 4 5
H 11 4 3 4
H 17 13 1 2
H 9 4 1 2
H 1 18 10 2
V 4 8 2 1
H 18 14 1 6
H 15 16 1 4
H 7 8 4 4
H 18 4 2 2
V 8 3 4 1
V 0 14 12 2
H 11 7 3 2
V 18 1 2 3
H 11 11 2 2
V 8 7 2 3
H 1 16 7 2
V 3 16 4 1
H 16 11 4 6
V 1 15 4 2
H 5 6 5 6
H 5 15 7 2
H 18 11 1 2
V 6 3 4 2
V 15 7 2 4
H 6 10 1 2
V 10 15 2 3
H 17 8 3 6
V 3 6 10 2
V 10 17 2 1
H 14 4 5 10
V 3 7 2 2
H 13 2 1 10
V 16 9 2 1
H 3 7 4 2
V 11 4 2 1
H 16 7 1 6
H 2 6 2 4
H 3 0 1 4
V 7 4 4 1
V 15 6 4 8
V 5 14 2 2
V 1 16 2 2
H 2 10 3 2
V 2 6 4 1
H 12 18 6 2
H 10 16 1 4
V 4 18 2 2
H 11 17 3 2
V 4 17 4 1
H 5 15 8 2
H 12 17 4 2
V 16 1 2 2
V 16 8 4 5
V 6 14 12 2
V 11 15 2 4
V 6 14 10 2
H 13 16 1 2
H 10 7 1 4
V 9 5 4 4
V 2 14 4 4
V 17 11 2 2
V 11 3 2 3
V 14 14 2 1
V 7 0 6 1
V 1 5 4 2
H 13 3 1 8
V 9 18 4 1
V 10 15 4 5
V 6 16 2 1
H 11 2 4 2
V 9 15 2 2
V 14 11 6 2
H 0 8 1 4
V 1 5 4 1
V 17 13 2 3
H 0 7 4 2
V 7 16 6 2
V 0 9 6 1
H 11 12 2 2
H 13 6 1 4
H 7 2 7 2
V 10 2 4 2
H 9 3 1 2
V 4 9 2 4
H 8 5 1 8
H 16 2 1 4
H 0 6 1 4
H 0 16 6 2
H 4 6 5 6
V 15 7 2 2
V 14 5 4 4
V 17 5 2 9
H 2 18 1 2
V 0 6 2 5
H 4 2 7 2
V 5 10 2 4
V 8 7 2 3
H 11 16 2 2
H 13 7 1 4
H 3 18 9 2
V 16 9 4 4
V 8 6 4 3
V 12 15 6 1
V 10 3 4 3
V 12 1 4 2
V 3 9 2 1
V 5 10 2 1
H 7 6 3 6
H 8 18 2 2
V 6 7 4 2
H 15 4 2 4
V 5 10 4 3
H 15 16 2 2
V 10 2 10 2
V 15 6 2 8
H 5 5 5 4
V 16 1 2 9
H 11 17 6 2
H 18 12 2 2
H 3 18 13 2
H 12 1 1 10
V 0 18 4 1
V 0 17 6 1
V 3 5 2 7
H 15 2 4 2
V 3 15 6 2
V 17 4 2 1
V 10 14 8 2
H 7 12 3 2
V 12 6 2 5
V 6 15 4 1
H 5 10 2 2
H 14 14 1 4
V 18 10 2 6
V 17 15 2 1
V 2 15 4 1
V 14 7 2 4
V 4 3 2 2
H 7 1 2 2
H 14 8 2 4
V 5 5 4 4
H 6 16 7 2
V 13 15 4 4
V 7 3 12 1
V 18 7 2 4
V 9 5 2 4
H 9 4 2 6
H 17 8 1 10
V 7 0 2 1
H 15 3 1 8
V 3 1 16 1
V 18 14 2 1
V 1 11 8 2
V 6 1 8 1
V 9 2 4 2
H 11 4 1 4
V 14 1 2 3
V 6 3 6 2
V 5 14 2 2
V 4 6 2 3
V 14 0 4 1
V 12 2 2 6
H 12 4 2 4
H 7 1 4 2
V 16 5 2 1
H 14 10 5 2
H 4 16 7 2
V 17 12 2 8
H 5 16 5 2
V 18 6 2 2
V 16 5 2 3
V 18 5 2 12
V 2 9 4 1
V 5 6 2 1
V 4 1 4 1
V 5 19 4 1
H 17 7 3 8
V 5 4 4 1
V 1 11 6 1
V 6 2 12 3
V 8 14 6 4
V 9 2 2 3
V 11 18 8 1
V 6 14 4 1
V 6 8 4 5
H 14 1 2 6
V 8 10 2 1
V 0 1 2 4
V 15 6 4 1
H 16 6 1 4
V 14 5 2 3
H 9 1 10 2
V 18 12 2 5
H 14 2 1 12
H 6 1 1 2
H 13 5 1 6
V 8 15 8 1
H 13 16 2 2
H 4 11 2 2
H 13 16 3 2
V 14 2 2 7
V 12 15 8 2
H 8 1 12 2
V 4 14 4 2
V 10 1 10 3
H 12 16 7 2
V 14 6 2 6
H 19 9 1 2
H 9 7 4 2
V 5 14 14 1
V 8 1 6 1
H 18 6 1 6
H 10 8 1 2
V 5 6 4 1
V 5 12 2 1
H 14 5 1 2
V 10 3 8 2
V 7 10 2 1
V 16 7 4 8
H 10 5 1 8
V 12 2 2 8
H 9 7 5 2
H 8 18 3 2
H 2 8 2 2
H 9 2 6 2
H 8 11 2 2
V 16 6 2 9
V 7 8 2 1
V 18 5 2 7
H 14 14 5 2
H 8 1 5 2
V 9 7 2 6
V 14 3 2 7
H 9 1 6 2
H 10 4 1 6
V 1 13 4 1
V 15 9 2 5
V 4 8 6 1
H 17 2 1 12
H 16 10 3 8
H 14 1 1 10
H 4 11 6 2
V 10 14 10 2
H 14 4 5 10
H 14 6 2 4
V 13 4 4 1
V 16 16 4 2
V 5 16 2 1
V 14 6 2 4
V 17 6 2 8
V 11 3 6 1
V 16 4 2 5
V 12 14 4 3
V 2 12 2 1
V 14 16 6 2
V 14 8 6 1
H 17 1 2 2
H 8 1 6 2
V 6 6 2 6
V 2 6 6 2
V 18 17 2 1
V 1 8 2 5
H 0 1 1 4
V 18 7 2 12
V 11 18 4 1
H 19 8 1 12
V 5 3 10 1
H 14 15 2 4
V 11 6 2 5
V 7 5 2 7
V 4 1 2 1
V 6 10 2 1
V 10 2 2 1
V 5 18 12 2
V 4 2 4 1
V 12 16 4 3
H 14 2 3 10
V 6 11 2 2
V 15 11 2 2
V 9 14 8 1
H 0 18 10 2
V 2 18 4 1
V 4 0 4 1
V 16 11 2 5
V 11 5 2 1
H 6 3 10 2
H 2 14 3 4
H 17 9 2 6
V 3 8 6 1
H 2 6 3 2
V 14 2 2 3
H 16 6 1 10
V 16 11 2 4
V 1 7 4 1
H 13 1 5 4
V 3 9 2 3
H 9 8 1 2
V 4 1 10 3
H 5 7 9 2
V 8 0 2 1
H 8 1 9 2
V 16 12 4 4
V 3 13 4 1
V 7 6 2 7
V 3 2 2 1
H 7 8 3 4
V 5 7 2 1
V 16 1 2 5
V 7 7 2 5
H 16 1 1 16
H 18 15 1 2
V 6 6 4 4
H 9 6 2 8
V 13 15 4 2
H 11 4 2 6
H 5 18 7 2
V 7 11 4 1
H 9 1 8 2
V 12 5 2 7
V 14 18 4 1
V 2 0 2 5
H 1 3 3 2
H 10 16 4 4
V 9 8 2 5
V 5 1 4 4
V 11 3 2 7
H 14 18 4 2
H 9 3 4 2
V 3 14 4 3
H 3 0 2 2
H 13 1 4 2
V 11 16 2 2
V 0 0 2 1
V 9 19 10 1
H 11 6 3 4
H 9 3 1 6
H 17 16 3 2
H 2 16 13 2
H 18 6 2 12
V 3 8 4 5
V 17 10 2 4
H 16 7 2 2
H 12 10 1 2
H 9 7 2 4
V 9 15 6 1
V 17 5 2 12
H 16 4 4 2
V 12 11 2 3
V 7 16 6 2
V 2 5 2 3
H 6 15 4 2
V 0 9 4 1
V 4 6 4 4
H 2 16 6 2
H 16 5 3 14
V 3 0 4 2
H 6 6 4 6
H 7 1 6 2
V 3 1 6 1
H 2 14 3 2
V 1 14 6 1
H 19 4 1 6
H 7 15 3 2
V 2 18 10 1
H 2 10 1 2
H 16 10 1 4
H 16 3 1 8
V 5 17 14 1
V 1 18 6 1
V 10 17 10 1
H 0 11 1 2
H 9 3 2 6
V 12 7 2 1
H 11 16 5 4
H 4 11 6 2
H 8 3 3 2
H 13 2 4 2
V 17 7 2 3
H 16 9 3 6
H 8 11 2 2
H 16 8 2 4
H 5 10 2 2
V 3 5 4 2
H 11 15 6 2
V 16 8 2 1
V 17 4 2 5
H 3 5 1 2
V 11 0 4 1
V 4 11 2 1
H 6 14 6 2
V 13 14 2 3
H 11 5 1 2
H 13 3 5 2
H 17 14 1 4
H 11 10 2 2
V 15 6 4 4
V 10 1 2 1
V 7 7 4 2
H 1 16 6 2
V 5 4 2 1
V 17 5 2 7
H 4 14 15 2
H 8 14 3 2
V 18 7 2 1
V 7 7 2 7
V 18 15 2 2
H 13 11 1 2
V 6 2 4 3
V 0 1 2 3
V 3 0 2 1
H 6 7 5 4
V 6 0 14 1
H 12 16 5 2
V 18 5 2 12
H 14 9 1 2
H 11 15 9 2
H 2 18 2 2
V 4 1 2 2
H 3 6 1 2
V 2 7 4 4
H 13 16 2 4
H 5 5 4 4
V 4 3 2 1
V 3 14 4 3
V 9 2 2 6
V 16 7 2 3
H 10 15 2 2
V 17 4 2 14
V 13 14 6 2
V 2 1 2 3
H 13 16 6 4
V 13 1 2 4
V 15 8 2 1
V 2 6 10 2
H 2 0 1 4
V 11 14 6 2
H 9 2 1 6
H 5 14 15 2
V 6 14 8 1
V 5 14 4 2
V 5 4 14 1
V 3 2 6 1
H 14 2 2 4
V 18 18 2 2
V 12 16 8 2
V 2 19 10 1
V 9 0 8 1
V 4 5 2 2
H 2 16 6 2
V 6 2 6 2
H 0 10 8 2
H 7 6 4 2
H 5 1 4 2
V 12 10 2 4
V 8 10 2 2
V 10 2 2 2
V 10 2 2 5
H 18 8 1 12
H 16 14 1 4
H 2 1 2 4
V 7 10 2 4
V 0 9 8 2
H 14 5 2 6
H 9 18 10 2
H 9 14 5 2
V 3 5 6 1
V 3 6 4 4
V 16 11 4 3
H 8 5 1 2
V 14 14 4 3
H 4 5 8 2
H 13 8 1 4
V 14 16 2 4
V 12 16 2 2
V 11 2 2 11
V 0 3 2 2
V 18 16 2 4
V 0 5 2 1
V 7 5 2 7
V 4 18 2 2
V 5 8 2 2
H 11 17 2 2
V 2 6 4 2
V 3 9 4 2
V 5 11 2 3
V 9 3 2 4
V 4 14 4 3
V 16 1 2 10
H 17 7 2 12
V 17 4 2 15
H 12 4 1 6
H 10 7 1 2
V 17 17 2 3
V 8 19 2 1
H 13 2 3 2
H 17 4 3 2
H 18 7 1 12
V 5 6 2 7
V 2 15 2 1
V 17 14 2 6
H 5 1 1 2
H 15 6 3 4
V 4 2 2 2
V 16 13 2 4
H 14 5 4 2
H 13 15 1 2
V 9 1 2 1
V 11 3 2 3
V 15 5 4 6
H 5 14 4 2
V 16 14 4 1
V 5 4 14 1
H 13 17 1 2
H 6 11 1 2
V 0 9 4 1
H 15 10 5 2
V 7 4 4 1
V 0 9 2 1
H 5 9 6 2
V 15 4 4 8
H 9 14 1 4
V 10 2 2 3
H 10 5 4 4
V 12 14 6 2
V 5 6 2 5
V 15 19 2 1
V 6 5 4 7
H 16 9 3 2
V 16 6 4 1
H 6 7 5 4
H 19 4 1 4
H 1 16 3 2
V 14 4 2 3
H 3 9 4 2
V 6 2 6 1
V 5 9 4 1
H 16 2 1 2
H 5 9 4 2
V 3 18 2 1
H 14 2 2 4
H 19 12 1 8
H 10 2 1 12
V 2 11 2 2
V 15 8 4 3
V 6 5 2 7
V 0 3 4 2
V 13 2 2 3
V 16 6 2 2
H 14 3 3 6
H 6 5 8 2
H 16 6 1 8
H 0 18 3 2
H 15 2 5 2
H 11 12 1 2
V 16 6 2 7
V 2 16 14 1
H 19 11 1 6
H 6 9 1 2
V 16 7 2 12
V 12 12 2 2
H 11 11 3 2
V 12 17 6 1
V 16 11 2 3
H 9 1 1 10
H 4 3 9 2
V 2 1 2 4
H 4 14 12 2
H 0 8 10 2
H 16 7 2 4
H 14 4 2 4
H 6 6 2 2
H 17 6 2 2
H 17 7 1 10
V 17 6 2 11
V 10 15 2 4
V 14 6 2 1
H 16 7 3 2
V 3 7 6 1
H 5 5 5 2
H 2 14 10 2
V 15 3 2 4
V 15 12 2 2
H 16 5 4 2
V 7 12 2 1
H 17 7 2 2
V 2 6 8 1
H 14 8 4 4
V 4 18 2 2
H 16 17 4 2
H 11 14 9 2
H 13 2 7 2
H 8 5 6 2
H 2 7 4 4
V 18 6 2 1
V 14 10 4 1
H 5 7 9 2
V 8 1 8 1
V 2 1 4 2
V 11 4 6 1
H 16 1 1 4
H 12 4 1 10
H 2 8 1 4
V 1 7 6 2
V 15 5 2 3
H 5 14 14 2
V 17 4 2 6
H 6 5 3 2
V 6 16 8 1
H 4 18 1 2
H 2 8 8 2
H 12 15 1 2
V 5 5 2 8
H 15 7 3 2
H 12 16 7 2
V 10 1 6 1
V 10 14 2 5
V 7 5 2 4
H 16 2 1 4
H 0 18 6 2
H 7 15 2 2
V 16 6 2 3
H 5 7 2 2
V 3 12 2 1
H 10 4 1 4
H 2 6 1 2
V 9 4 4 2
H 15 3 1 6
H 6 10 5 2
H 15 6 5 4
V 3 7 4 2
V 9 5 2 3
V 7 8 2 1
V 9 3 8 2
V 6 5 6 1
H 14 5 3 2
H 17 2 1 6
V 5 5 8 2
V 8 14 12 4
H 12 5 1 4
V 5 6 4 7
V 7 17 8 1
V 2 15 6 1
V 11 0 4 1
H 2 5 1 4
V 14 7 4 1
H 8 9 2 2
H 12 18 1 2
H 1 16 1 2
V 1 4 2 1
H 18 12 2 2
V 11 5 2 7
H 2 10 9 2
H 5 8 1 4
H 12 14 1 4
V 16 13 4 1
V 12 2 2 5
H 2 14 14 2
H 16 5 1 10
V 9 15 4 2
V 18 14 2 3
H 12 9 1 4
V 16 7 4 2
V 5 6 6 5
H 12 15 1 4
H 2 0 4 2
V 6 0 10 1
V 3 13 2 1
V 1 7 2 3
H 14 12 3 2
V 9 17 2 1
V 17 13 2 4
H 0 18 9 2
H 11 1 1 4
V 13 16 6 1
V 2 5 2 5
H 4 10 7 2
H 14 10 1 4
V 9 14 6 2
V 7 2 4 3
V 10 16 6 3
V 16 13 4 5
V 8 5 4 1
V 13 1 6 1
V 16 7 4 8
V 8 6 6 1
H 15 17 2 2
V 18 15 2 3
V 11 7 2 1
V 4 2 14 1
H 19 12 1 8
V 16 10 2 5
H 13 2 1 6
V 6 13 2 1
H 17 15 1 2
H 16 16 2 4
H 6 1 4 2
V 15 4 2 3
H 19 13 1 2
V 2 2 4 1
V 11 4 2 4
V 0 18 4 2
V 3 10 2 1
V 9 2 4 3
V 10 2 8 3
H 17 2 1 12
V 4 5 2 3
V 4 14 10 2
H 2 16 2 2
V 14 11 2 2
V 2 0 2 1
V 17 6 2 11
V 8 1 6 2
V 14 12 2 1
V 15 7 4 1
H 15 10 1 4
V 5 0 2 5
H 15 17 1 2
V 16 3 2 6
H 13 16 6 2
V 2 8 8 3
H 6 8 4 2
V 0 8 10 2
V 12 18 2 1
V 4 14 10 1
H 11 1 1 2
V 1 19 2 1
H 0 18 2 2
V 0 5 12 1
H 8 3 1 2
H 8 1 4 4
H 11 10 3 2
H 5 7 3 2
V 15 17 2 2
V 0 3 4 2
H 14 15 3 2
H 5 1 4 4
V 12 19 2 1
V 0 17 2 1
V 4 7 2 4
V 15 4 2 5
H 13 5 1 2
V 7 3 4 2
H 10 15 4 2
V 18 17 2 2
V 17 14 2 1
H 9 6 4 2
V 0 3 4 1
H 4 15 2 2
H 11 17 2 2
H 16 5 4 8
H 10 4 3 4
V 4 7 2 1
V 11 15 2 4
H 15 2 3 10
V 13 1 6 3
V 17 13 2 4
V 14 6 2 1
H 7 1 1 2
V 9 5 2 9
V 18 13 2 3
H 15 15 2 2
H 17 4 1 10
H 5 7 6 2
H 15 5 2 8
V 9 6 2 4
V 11 15 6 1
H 17 5 1 2
H 2 0 1 2
H 4 6 2 2
H 12 1 1 4
H 10 1 10 2
V 4 5 6 3
H 12 15 4 2
H 8 12 1 2
V 6 5 8 1
V 14 16 4 1
V 2 7 2 5
H 3 15 4 2
H 1 18 7 2
H 17 3 1 12
H 16 10 1 2
V 18 4 2 1
V 14 2 6 1
V 6 15 4 3
V 11 7 2 2
V 18 6 2 11
H 4 14 5 2
H 13 14 1 2
H 2 1 14 2
H 13 15 2 2
H 2 9 6 2
V 11 15 2 2
V 4 15 8 1
H 6 1 7 2
H 8 15 9 2
H 14 5 1 6
V 4 0 8 1
H 8 5 3 2
H 1 18 2 2
V 6 0 8 1
H 3 9 5 2
H 0 5 10 2
V 3 2 14 1
V 0 18 6 2
H 16 3 2 6
H 0 16 3 2
V 3 9 2 4
V 14 3 2 1
V 7 12 2 1
H 15 6 2 4
V 14 17 6 1
H 13 7 1 4
V 3 14 2 2
H 8 12 3 2
V 12 3 2 8
H 5 14 3 2
V 5 5 2 9
H 14 3 1 6
H 11 3 2 10
V 9 4 4 5
H 13 6 1 2
H 3 18 8 2
V 5 10 2 4
H 6 2 7 2
H 4 5 5 2
H 8 14 1 2
H 1 18 12 2
H 0 16 9 2
V 15 10 2 1
V 8 5 6 2
V 5 2 4 1
V 16 7 4 1
H 8 8 1 2
V 18 15 2 1
V 12 14 2 6
V 18 9 2 2
V 5 7 4 1
H 16 6 4 6
V 6 7 8 1
V 4 1 4 2
V 10 2 2 1
V 4 6 4 2
H 13 15 6 2
H 6 6 3 4
H 0 5 2 4
H 10 5 4 2
V 8 14 8 1
H 9 6 3 2
V 16 19 4 1
H 19 11 1 6
H 1 5 5 2
H 8 2 3 2
H 15 2 1 8
H 13 6 1 2
V 4 17 10 1
H 17 5 2 2
V 8 15 4 3
H 9 2 2 2
V 3 2 2 1
V 12 5 2 8
H 7 3 8 2
V 0 15 2 3
H 4 7 10 2
V 8 2 8 2
V 7 7 2 1
V 14 3 4 9
H 12 17 6 2
V 12 6 2 7
H 4 15 3 2
V 5 1 4 4
V 10 2 2 7
V 5 19 6 1
V 4 3 2 1
H 2 10 4 2
V 9 5 4 3
V 6 8 4 1
V 9 5 2 2
V 8 5 4 1
V 2 7 2 3
V 14 18 2 2
V 7 1 4 2
V 6 1 4 2
H 9 7 1 2
V 16 6 2 2
H 3 16 7 2
V 7 11 2 2
V 10 14 2 3
V 14 14 2 1
H 13 14 6 2
V 12 18 4 2
H 15 9 1 2
H 9 2 9 2
H 15 14 4 2
V 9 3 4 4
H 5 10 1 2
H 6 11 4 2
H 2 6 9 2
V 14 8 4 1
H 6 18 12 2
H 13 3 2 2
V 14 6 2 2
V 14 18 2 2
V 11 7 2 5
H 10 3 8 2
V 14 3 2 3
H 5 3 1 2
V 4 6 4 2
V 8 9 2 5
H 17 5 2 2
H 14 2 2 6
V 5 10 6 1
V 8 5 4 2
H 2 10 9 2
H 14 3 4 4
V 6 2 4 2
V 14 4 4 1
H 11 1 2 6
V 5 15 2 3
V 6 3 4 2
H 6 6 6 2
H 17 12 2 8
V 8 9 2 4
H 4 11 1 2
H 0 0 2 4
H 9 1 4 6
H 4 6 1 2
H 14 6 2 6
V 4 6 2 2
H 11 9 3 2
H 16 4 3 10
H 3 6 7 2
V 5 8 2 1
V 5 2 12 1
V 7 6 4 6
V 7 19 2 1
V 2 7 2 5
V 12 2 2 7
V 7 15 2 3
V 12 7 2 2
H 15 1 3 4
H 3 1 1 2
V 5 17 4 1
V 4 2 10 1
H 14 11 3 2
H 16 7 2 6
H 2 9 4 2
H 1 5 1 2
V 6 9 4 3
H 16 4 2 16
H 8 2 1 2
H 16 11 1 6
V 15 7 2 6
H 16 7 3 2
V 7 8 2 1
V 12 14 8 1
V 2 6 10 2
H 4 18 10 2
V 8 3 10 2
H 3 8 5 2
V 4 18 6 1
V 2 0 2 5
H 7 16 13 2
V 14 7 2 3
V 13 14 4 3
V 14 9 2 3
H 1 10 9 2
V 10 1 4 3
H 5 8 2 2
H 14 4 1 2
H 5 2 14 2
H 7 7 2 2
H 0 18 17 2
H 11 1 4 2
H 18 6 2 8
H 16 4 2 14
H 4 8 1 4
V 3 13 4 1
H 15 4 4 4
H 7 7 5 2
H 13 16 3 2
V 17 7 2 1
H 8 16 7 2
H 9 14 8 2
H 14 6 1 8
V 3 5 8 4
H 14 11 3 2
V 17 8 2 1
H 16 8 4 4
V 6 2 6 1
V 9 4 2 8
H 12 14 1 2
V 6 12 4 2
V 6 9 4 1
H 0 1 1 4
H 9 2 1 2
V 7 15 2 2
V 2 6 4 1
V 5 7 2 7
V 2 7 10 1
H 1 14 1 2
H 10 16 5 2
H 14 2 2 2
H 2 6 8 2
H 14 18 1 2
V 7 3 4 2
H 16 14 1 4
H 13 3 4 2
V 16 7 2 5
V 10 0 10 1
V 0 13 6 1
V 11 1 6 4
V 8 9 2 1
H 16 6 1 8
H 12 11 1 2
H 0 6 3 4
V 11 4 2 8
V 13 2 2 2
H 12 7 1 2
H 11 5 1 8
V 5 11 2 1
V 12 2 6 1
V 7 8 4 2
V 5 9 4 2
H 4 6 1 2
H 11 4 3 4
V 16 19 4 1
H 8 6 6 2
V 14 12 4 2
V 15 14 4 2
V 5 3 10 1
H 6 0 1 2
V 4 0 6 1
H 6 7 6 2
H 10 6 4 2
H 2 8 5 2
H 0 16 9 2
V 5 18 4 2
V 8 5 2 7
H 17 8 1 10
H 17 17 3 2
V 2 8 2 2
H 17 10 2 8
V 16 18 2 1
V 0 1 2 3
V 2 6 6 2
V 16 10 2 4
V 10 1 2 8
V 6 18 4 2
V 18 4 2 3
V 13 16 2 2
H 7 18 6 2
V 2 18 10 1
V 5 14 2 1
H 10 3 4 2
V 12 3 2 2
V 11 1 8 3
V 11 8 2 2
H 14 5 2 2
H 8 3 5 2
V 2 15 4 3
V 1 5 2 4
H 17 4 1 8
V 18 11 2 2
V 9 18 2 2
V 12 2 4 2
V 0 8 2 2
V 17 8 2 3
V 5 0 10 1
V 16 14 2 2
V 16 11 4 3
V 3 13 2 1
H 10 11 1 2
H 17 4 3 6
V 13 18 4 1
V 15 4 2 1
V 9 1 4 3
V 13 15 2 2
H 17 12 1 6
V 7 2 6 2
V 14 12 2 1
H 14 1 3 10
H 0 2 1 2
V 0 7 2 2
H 1 3 3 2
H 14 7 4 6
H 15 4 4 4
V 13 0 6 1
V 18 1 2 3
V 16 17 2 2
V 16 2 2 15
V 15 10 4 1
H 15 15 1 2
V 11 3 2 8
V 0 3 4 2
H 7 1 1 4
V 12 18 4 2
H 10 4 3 4
V 12 7 2 5
H 2 16 6 2
H 4 7 5 2
H 11 3 2 2
H 9 1 3 4
V 7 0 4 1
H 7 3 4 2
V 3 0 2 2
H 5 18 14 2
V 18 7 2 4
V 7 1 4 4
V 6 8 2 4
V 2 0 2 1
V 2 11 6 1
V 16 15 4 2
H 3 1 1 4
H 12 8 1 6
V 9 6 4 2
V 16 5 2 3
V 3 0 10 1
H 15 9 4 4
H 3 18 16 2
V 11 3 2 7
H 2 2 2 2
V 2 5 2 1
H 17 2 2 2
H 17 8 1 2
V 13 3 2 2
H 13 3 1 2
V 5 1 6 3
H 12 16 5 2
H 16 7 3 12
V 17 6 2 11
H 4 1 3 2
H 9 1 2 10
H 19 12 1 6
H 18 14 1 2
H 13 1 4 2
V 2 6 4 2
H 13 17 1 2
H 17 12 2 2
V 7 0 4 1
H 13 5 1 4
H 10 1 2 6
V 1 5 2 3
H 4 9 2 2
H 14 4 2 8
H 16 7 1 10
V 2 7 2 4
V 8 2 4 1
H 15 5 4 2
V 9 8 2 1
V 11 6 2 2
V 0 18 10 1
V 7 14 4 2
H 16 7 2 4
V 8 13 2 1
V 1 5 2 2
H 17 6 1 12
H 7 18 3 2
H 6 14 14 2
H 1 14 2 2
V 4 6 6 4
V 0 7 2 1
V 11 4 6 1
V 6 15 12 1
H 5 0 2 2
H 14 14 5 2
H 5 1 3 2
V 3 7 2 3
H 5 14 1 2
V 10 0 4 1
V 4 8 2 4
H 11 1 3 2
H 18 1 1 2
H 13 6 1 2
V 2 5 6 4
V 15 5 2 2
V 1 5 6 3
H 16 1 2 6
H 3 6 3 6
V 3 16 4 1
H 2 18 3 2
V 10 2 6 1
H 15 1 1 2
H 4 6 5 2
V 11 16 4 1
V 17 2 2 1
V 6 14 4 3
H 14 8 2 6
H 2 1 1 4
H 12 6 2 4
V 9 1 2 9
H 4 14 5 2
V 12 2 2 8
V 7 18 12 2
H 3 8 2 4
V 3 18 4 1
H 14 18 5 2
V 0 0 2 3
H 9 3 4 6
V 9 7 2 3
V 12 0 4 1
H 19 10 1 6
H 19 12 1 4
H 11 18 5 2
H 14 16 1 2
V 14 3 4 2
H 17 1 2 2
V 9 4 2 3
V 3 7 2 5
V 2 19 4 1
V 13 15 2 1
V 2 13 2 1
H 18 11 1 6
V 0 16 2 2
V 15 8 2 5
H 11 1 8 2
H 1 16 11 2
H 18 10 1 2
H 8 5 2 6
H 9 8 2 2
V 14 17 2 3
H 16 4 4 6
V 11 18 6 1
V 3 13 2 1
V 9 4 8 1
H 5 1 9 4
H 9 1 7 2
H 13 6 1 4
V 5 10 4 1
H 13 1 1 4
V 14 18 2 2
H 15 4 3 4
V 11 17 4 3
V 16 5 2 5
H 8 3 9 2
H 18 17 2 2
V 10 16 2 4
H 9 4 2 2
H 14 4 1 2
H 19 6 1 4
H 4 9 7 2
H 2 9 8 2
H 9 2 7 2
H 18 5 2 4
V 15 2 2 5
V 4 19 4 1
H 3 7 3 2
V 12 4 2 6
V 6 15 4 2
V 2 10 4 2
H 2 8 5 4
H 17 6 3 2
V 2 6 2 3
V 8 5 2 4
H 9 1 2 8
V 16 18 2 1
H 7 8 3 2
V 18 8 2 1
V 2 5 2 7
H 17 2 1 4
H 12 1 5 2
H 16 6 1 14
H 9 3 1 6
H 6 0 1 4
V 6 19 12 1
V 6 8 2 4
V 18 4 2 1
H 11 4 1 2
V 9 1 2 3
V 4 18 10 1
H 16 2 1 6
H 14 1 2 4
H 17 10 3 4
H 2 7 3 4
V 18 14 2 3
V 1 18 2 1
V 2 15 2 1
H 0 2 1 2
V 17 14 2 6
H 5 2 10 2
V 15 8 2 3
V 16 1 4 1
H 17 1 1 4
V 17 14 2 2
H 6 16 6 2
V 14 5 2 9
V 7 2 8 2
H 17 15 3 2
V 0 19 4 1
V 17 15 2 2
V 11 16 4 4
H 15 4 4 4
V 6 14 14 2
V 15 4 2 10
V 15 15 4 2
V 6 6 4 3
V 16 12 2 1
V 5 5 2 7
V 2 7 2 2
V 12 3 6 1
H 2 7 3 2
H 14 16 2 2
V 0 2 2 2
H 12 12 1 2
V 12 4 2 8
V 4 14 12 2
V 2 13 2 1
V 8 7 2 1
H 3 11 2 2
V 10 3 2 5
H 6 5 4 2
H 4 14 9 2
H 5 2 11 2
V 8 14 2 1
H 1 8 4 2
H 7 5 7 2
H 11 3 7 2
H 11 17 2 2
V 10 17 4 3
H 1 9 2 2
H 11 1 4 2
V 3 7 2 3
V 9 2 2 4
H 11 1 1 4
H 16 12 1 6
H 14 5 2 4
V 6 6 2 5
H 3 5 1 2
V 15 1 2 4
V 16 2 2 1
H 4 2 12 2
V 11 17 2 1
H 13 16 5 2
H 15 7 2 2
H 18 13 2 2
V 4 11 2 2
V 18 6 2 2
H 12 2 1 8
V 0 14 6 1
V 8 6 2 7
V 4 16 4 1
V 9 8 2 2
V 16 8 2 11
H 16 6 2 4
H 0 14 1 2
H 17 8 3 2
H 3 5 2 2
V 3 0 4 3
H 14 8 2 6
H 5 10 2 2
V 10 14 6 1
H 17 8 1 2
H 10 4 1 4
H 11 8 3 4
V 4 5 2 6
V 10 2 2 5
V 9 15 2 2
H 4 18 4 2
H 7 16 1 2
H 8 2 1 2
V 9 1 8 4
H 8 10 2 4
H 11 2 4 2
V 8 3 10 1
V 5 1 4 4
V 7 8 2 1
V 3 8 4 2
V 8 14 4 1
V 3 9 2 1
H 14 4 1 4
V 2 18 8 1
V 4 18 6 1
V 10 3 2 1
H 3 7 7 2
H 16 2 3 2
H 8 14 9 2
V 16 5 2 8
H 9 5 3 2
V 1 14 6 2
V 6 18 12 1
V 0 0 2 5
H 16 7 3 4
V 15 6 4 1
H 1 11 3 2
H 3 18 1 2
V 13 2 4 2
V 6 4 14 1
H 9 5 1 6
H 10 4 2 2
V 17 8 2 5
V 2 15 4 1
V 5 8 6 1
V 4 1 4 3
H 9 5 1 2
H 6 8 4 2
V 6 3 4 2
V 8 8 4 1
V 2 5 2 3
H 0 15 6 2
H 11 6 2 2
V 18 9 2 2
H 14 2 4 6
H 2 18 2 2
V 8 18 2 1
H 19 8 1 4
V 2 14 8 1
V 3 15 6 1
V 9 4 2 7
H 18 9 1 2
H 1 7 5 2
H 5 3 1 2
V 14 7 2 2
H 13 4 1 2
V 13 3 2 2
H 7 10 3 4
H 12 3 1 4
V 12 2 2 2
V 9 6 2 4
H 3 0 3 2
H 11 6 2 2
H 5 3 3 2
V 2 6 2 3
V 4 8 2 2
V 4 14 2 1
V 18 7 2 3
V 6 16 2 1
H 14 15 1 4
V 5 2 4 1
V 7 14 6 1
V 14 6 2 3
V 14 10 2 3
H 13 16 4 2
H 17 5 2 6
V 11 10 2 1
V 6 9 2 2
V 4 16 2 1
H 14 1 2 8
V 3 10 2 1
V 11 18 8 2
V 11 7 2 2
V 9 14 10 1
V 8 15 8 1
H 11 2 2 4
V 0 18 4 2
H 9 1 3 8
V 12 14 4 2
V 13 17 4 2
H 6 14 5 2
H 17 9 1 6
H 6 10 3 2
V 18 6 2 1
V 11 1 2 2
V 14 16 2 3
H 12 3 1 8
V 1 8 4 1
V 5 0 8 1
H 9 16 2 2
H 6 15 1 2
V 5 2 4 3
H 9 1 5 8
H 5 1 1 2
V 8 5 2 8
H 15 2 1 10
H 3 10 3 2
H 11 5 1 2
V 4 18 6 1
H 11 3 3 4
H 14 4 3 2
V 13 17 2 2
H 3 1 2 2
V 13 17 4 2
V 4 7 2 5
V 15 5 2 1
V 6 5 2 3
H 18 5 1 2
H 9 8 2 2
H 17 1 1 6
V 13 15 2 1
V 8 11 2 1
V 1 14 4 1
V 7 14 4 2
V 1 7 4 2
H 11 5 1 4
H 2 6 2 2
V 18 19 2 1
V 6 6 6 1
V 4 7 8 1
V 2 16 2 1
H 10 2 2 2
V 10 14 10 1
V 4 2 6 2
V 4 8 4 1
V 3 16 4 1
V 14 4 2 1
H 10 3 3 6
H 11 10 3 4
V 2 6 2 4
H 19 14 1 2
V 17 9 2 7
V 17 15 2 3
H 16 4 4 2
H 7 15 1 2
V 15 5 2 4
V 17 11 2 1
V 11 1 6 3
H 9 5 1 6
V 15 3 2 2
V 12 2 2 5
H 6 7 2 2
V 15 8 2 6
H 3 1 5 2
H 2 1 2 4
H 12 3 1 6
H 16 13 1 4
H 5 16 2 2
V 1 6 2 3
V 16 15 2 1
H 4 2 10 2
V 14 14 2 5
H 16 13 4 2
H 10 2 4 2
H 18 11 1 4
H 6 7 5 4
H 19 4 1 4
V 1 13 2 1
H 10 5 4 4
H 9 15 9 2
H 6 5 2 2
V 2 16 4 2
V 15 5 4 2
H 13 15 3 2
V 18 1 2 2
H 0 18 3 2
H 14 5 1 2
H 2 0 1 2
H 13 3 4 2
V 14 15 2 2
H 8 10 1 4
H 9 15 2 2
V 18 16 2 1
V 13 3 2 1
H 12 5 1 2
H 18 6 1 2
V 17 1 2 1
H 15 16 1 4
V 12 2 2 1
H 17 14 1 6
H 13 7 1 4
H 12 16 1 2
H 7 14 4 2
V 7 5 2 5
V 11 14 2 3
V 11 6 2 6
H 1 9 1 2
H 3 1 1 2
H 10 6 2 2
H 14 2 1 10
V 5 18 4 1
V 15 13 4 1
V 5 5 2 2
V 14 3 2 3
H 7 6 1 2
H 17 11 2 8
V 14 9 4 1
H 9 2 5 4
V 3 13 2 1
H 17 6 3 4
H 11 2 7 2
V 3 19 12 1
V 1 14 14 1
V 14 15 2 4
H 8 9 1 4
H 18 7 1 8
V 10 14 10 1
V 4 1 2 2
V 1 6 2 1
H 5 14 5 2
V 7 7 6 1
H 12 2 2 2
H 16 8 1 12
V 5 6 4 1
V 0 6 6 1
H 14 17 3 2
V 5 15 4 2
H 13 16 6 2
V 8 17 2 1
H 12 15 4 2
V 13 16 2 4
V 6 3 2 2
V 14 9 2 3
V 17 9 2 2
V 13 1 2 3
H 16 9 1 10
H 9 7 1 4
H 13 14 5 4
V 7 16 2 2
V 15 8 2 1
V 15 2 2 1
H 6 8 2 2
H 15 6 2 2
V 9 1 4 2
H 15 15 3 2
H 3 7 8 2
H 3 1 5 2
V 3 16 4 2
V 9 1 6 1
V 2 6 2 1
V 5 6 4 1
V 0 2 2 3
H 3 7 6 2
H 13 15 1 2
H 14 15 4 2
H 8 10 1 2
V 16 3 2 8
V 9 12 2 2
H 16 8 2 12
H 9 3 4 2
H 8 15 2 2
V 16 13 2 3
V 9 6 2 4
H 12 17 2 2
V 6 3 4 1
V 16 2 2 7
H 16 5 2 8
V 12 5 2 1
V 7 4 10 1
H 16 5 2 6
V 13 15 6 3
V 13 17 4 1
V 7 16 10 2
H 9 2 2 6
H 18 9 1 2
H 14 1 2 8
H 6 5 8 2
V 14 17 2 2
V 9 19 4 1
H 0 14 1 4
V 16 15 2 1
V 9 4 2 4
H 7 7 2 4
H 16 16 2 4
H 17 12 2 6
V 14 1 2 2
V 8 14 2 4
V 1 5 2 5
V 1 8 2 1
H 13 2 1 12
H 11 15 3 2
H 18 8 1 2
H 0 18 2 2
H 4 7 10 2
V 3 8 6 1
V 16 5 4 2
V 8 19 2 1
H 16 3 2 4
H 17 18 1 2
H 9 2 3 2
H 7 8 2 4
H 10 8 1 4
V 8 6 4 1
H 10 7 4 2
H 10 1 1 4
V 3 14 6 1
V 9 14 6 1
V 11 18 2 2
V 1 6 8 1
V 0 6 4 2
V 2 6 6 1
H 17 15 2 4
V 6 9 4 1
V 12 6 2 6
V 10 7 2 1
H 2 6 1 4
H 6 15 5 2
V 1 9 2 1
V 10 19 6 1
V 6 7 2 3
V 17 12 2 1
V 7 4 12 1
V 7 15 8 1
H 11 3 3 4
H 14 1 1 4
V 10 16 6 1
H 6 1 1 2
H 0 6 3 2
V 12 17 2 2
V 9 14 2 4
V 0 3 2 1
V 6 16 4 2
V 12 18 2 1
V 16 17 2 2
V 1 16 4 2
H 14 4 1 2
H 10 6 2 2
V 17 15 2 1
H 11 15 6 2
V 15 17 2 1
V 0 17 8 1
H 7 8 1 2
V 14 11 4 2
V 1 7 8 3
V 7 11 2 2
H 18 14 1 2
V 8 9 2 3
V 17 5 2 2
H 11 3 7 2
H 1 14 4 2
H 17 9 1 6
H 15 5 1 2
V 6 8 4 2
V 17 4 2 3
H 18 17 1 2
H 10 5 4 2
V 1 15 2 3
H 16 5 4 2
H 7 7 1 6
H 18 9 1 6
H 16 8 1 2
H 14 4 6 2
V 7 7 2 4
H 17 18 2 2
V 1 13 6 1
V 6 6 4 1
V 17 18 2 1
V 15 5 4 2
V 9 1 8 1
V 0 4 4 1
H 7 9 3 2
H 12 4 1 4
H 16 7 2 2
V 14 7 2 4
H 16 6 4 2
V 7 7 2 1
V 16 5 4 1
V 5 7 2 7
V 15 15 4 4
H 16 8 3 6
V 8 6 2 1
V 6 3 2 2
V 9 16 2 1
V 8 8 2 3
V 14 16 4 1
V 15 14 4 2
H 11 12 1 2
V 9 14 2 3
V 1 16 4 2
H 2 14 2 4
V 12 13 2 1
V 10 8 4 1
H 12 3 1 6
H 11 5 3 2
V 9 1 2 10
H 9 3 1 6
V 6 5 2 3
V 3 7 4 5
V 1 9 6 1
V 9 11 2 3
H 6 8 3 2
V 7 9 4 2
H 14 6 1 2
H 4 14 2 2
H 10 4 1 4
V 2 10 6 2
V 7 7 4 1
V 2 1 8 1
V 8 9 2 1
V 16 13 2 7
V 12 8 2 5
V 14 15 2 3
H 13 3 1 8
H 3 10 4 2
V 5 7 2 7
V 12 17 2 3
H 8 2 12 2
V 0 10 2 1
H 14 6 1 6
H 16 16 1 4
H 6 8 3 2
V 5 8 4 2
V 8 6 2 5
V 7 8 2 5
V 2 8 12 1
H 15 3 3 4
V 5 4 14 1
V 12 14 6 1
H 2 10 8 2
V 8 19 4 1
V 4 13 2 1
V 6 1 6 2
H 16 7 1 12
H 17 9 1 4
V 14 1 2 2
V 8 10 2 1
V 5 7 4 1
H 16 7 4 2
V 5 8 4 2
V 6 6 4 1
V 0 6 6 2
V 5 8 2 1
H 16 11 1 6
H 10 2 6 2
V 3 0 2 1
V 11 6 2 1
V 2 16 6 1
H 12 12 1 2
V 7 9 4 2
H 2 1 2 4
H 16 14 1 2
H 3 14 2 4
V 16 17 2 2
H 10 17 9 2
V 2 16 4 1
V 10 4 2 3
V 7 4 6 1
H 15 8 2 2
V 17 16 2 2
V 1 7 4 1
H 10 18 6 2
V 1 8 2 1
H 14 5 3 2
V 14 8 2 6
V 2 9 4 2
H 16 8 4 6
V 14 15 6 2
V 7 7 2 2
V 5 16 2 1
V 16 1 2 8
H 14 17 2 2
V 9 14 4 2
H 17 5 1 10
V 18 12 2 2
H 15 5 1 6
H 4 8 2 2
V 5 8 2 4
V 7 19 4 1
V 8 2 4 3
V 7 5 2 2
H 5 8 2 2
H 16 17 1 2
H 7 8 1 2
H 10 2 6 2
H 0 10 4 2
H 19 4 1 10
V 1 8 6 1
H 17 4 1 6
V 6 7 2 3
H 10 1 2 2
H 19 5 1 10
H 15 17 4 2
H 18 16 1 4
V 9 9 2 2
V 13 2 2 1
H 9 1 10 2
V 12 5 2 6
V 8 6 2 3
V 6 2 4 3
V 1 13 4 1
H 18 11 1 6
H 8 16 1 2
H 15 17 4 2
H 11 3 1 2
V 0 16 2 2
V 10 2 4 4
V 11 2 2 2
V 18 13 2 1
V 4 18 4 1
V 2 2 10 1
V 17 10 2 2
V 7 6 2 6
H 4 6 2 4
H 19 11 1 6
H 6 1 2 4
H 18 16 1 2
H 1 1 1 2
H 0 18 7 2
V 18 10 2 5
V 15 16 2 4
H 11 3 2 4
V 12 2 2 12
V 6 8 2 1
V 0 17 6 1
V 6 16 2 2
V 10 2 4 3
V 7 5 4 1
H 14 2 2 8
V 18 9 2 8
V 9 1 2 1
V 5 2 8 1
H 0 1 2 2
H 12 1 1 8
H 17 7 1 4
V 10 5 2 4
H 11 11 1 2
V 8 6 2 6
H 8 15 1 2
H 19 9 1 8
H 5 1 12 2
H 7 2 2 2
V 16 16 2 4
H 3 0 2 2
V 0 7 4 1
H 14 9 2 2
H 2 7 1 2
H 9 11 1 2
V 12 15 2 4
H 4 5 2 2
H 18 17 1 2
H 0 18 4 2
V 5 7 8 2
H 13 1 2 2
H 15 6 1 6
V 7 7 6 1
V 11 11 2 3
H 2 6 2 2
H 11 7 3 4
H 12 5 1 8
V 3 8 2 1
H 17 9 1 10
V 3 6 2 5
V 13 2 2 1
V 16 5 2 11
V 15 0 2 1
H 15 9 2 2
V 3 6 6 2
H 13 7 1 2
H 2 7 1 2
H 16 15 1 2
H 3 8 1 4
H 0 9 2 2
V 12 3 4 2
H 12 3 4 2
H 16 4 1 6
V 0 16 2 1
H 12 3 5 2
H 14 1 1 2
H 12 17 2 2
H 9 7 5 2
V 4 10 2 2
V 3 18 2 1
H 17 13 2 2
V 3 0 12 1
V 5 17 4 1
V 8 0 4 1
V 15 16 2 3
V 17 4 2 2
V 1 3 2 1
V 0 2 2 3
H 0 11 4 2
V 4 14 2 1
H 13 10 1 2
H 13 4 1 6
V 10 15 4 1
H 14 3 2 2
V 4 11 2 1
V 14 3 4 7
V 6 7 4 1
H 14 6 3 2
V 0 19 4 1
V 4 9 2 3
V 16 3 2 10
V 15 14 4 1
H 4 8 1 4
H 11 12 1 2
V 2 11 2 1
H 10 1 9 2
V 5 7 2 4
V 16 3 2 6
H 12 9 1 4
V 17 1 2 1
V 12 2 4 3
H 19 6 1 6
V 0 13 4 1
V 15 11 4 2
V 12 2 2 3
V 4 7 2 5
V 2 10 4 2
H 12 7 2 2
V 7 7 2 3
V 14 5 4 3
H 16 16 1 2
V 1 12 2 1
V 7 4 2 1
H 11 8 2 2
H 1 8 1 2
H 4 18 2 2
H 15 8 1 6
V 6 18 6 1
H 15 4 3 2
H 10 15 2 4
V 5 18 8 2
V 5 8 2 1
H 5 10 1 2
V 8 0 2 1
H 9 7 3 2
H 16 3 2 2
H 6 6 3 4
V 8 13 2 1
V 8 10 2 1
H 5 6 5 2
V 12 8 2 2
H 8 11 3 2
V 11 6 2 6
H 0 18 3 2
H 2 10 1 2
H 3 6 1 4
H 14 8 2 4
H 17 11 1 4
V 13 1 4 1
H 14 4 4 4
V 13 16 2 1
H 15 3 1 2
H 5 15 2 2
V 4 6 4 4
H 14 8 4 2
H 13 4 1 2
V 2 8 4 4
H 17 6 2 4
V 16 14 2 1
H 9 11 2 2
V 7 1 2 1
H 15 9 4 4
H 17 7 2 4
H 8 12 1 2
V 8 10 2 3
V 16 8 4 1
V 12 1 8 3
V 0 5 4 1
V 9 0 6 1
V 2 13 4 1
H 10 1 3 2
V 10 6 4 3
V 2 18 4 2
H 13 2 1 2
H 14 14 6 2
V 11 3 2 4
V 7 7 2 1
H 0 6 4 2
V 13 14 2 5
V 0 5 4 3
V 10 2 2 2
V 15 10 2 1
H 15 7 2 2
H 12 10 1 2
H 10 6 4 2
H 16 10 1 2
V 10 2 10 1
H 16 5 2 6
H 15 3 2 2
V 16 6 2 4
V 4 6 4 2
H 13 18 5 2
V 8 5 2 2
V 9 18 2 2
H 10 15 2 4
H 14 12 2 2
V 4 8 2 2
H 10 6 1 2
H 15 10 2 4
V 5 7 4 1
H 19 7 1 4
H 4 7 1 2
H 9 3 9 2
V 11 7 2 7
H 13 1 1 4
V 5 8 4 1
H 3 6 5 2
V 11 13 2 1
H 9 12 1 2
H 6 5 8 2
V 1 14 10 1
H 15 11 1 2
H 11 9 3 2
H 0 6 8 2
H 10 3 2 4
V 10 15 2 5
H 17 8 2 2
H 0 7 1 6
H 12 5 2 4
V 4 5 4 1
V 12 4 2 10
H 14 4 4 2
H 8 15 9 2
H 4 7 6 2
V 12 2 6 2
V 6 5 2 1
H 16 12 2 2
V 14 2 4 1
H 15 4 1 6
V 5 5 2 4
H 10 3 1 2
H 9 2 1 2
V 4 5 8 3
V 3 12 2 1
V 9 6 2 2
H 3 14 4 2
H 7 12 3 2
V 9 4 8 1
H 3 0 3 2
H 17 17 1 2
H 13 4 1 6
V 3 14 6 2
H 13 2 1 4
H 15 7 1 6
V 7 6 2 2
V 11 1 2 11
H 15 4 5 6
H 8 11 3 2
V 17 17 2 1
H 19 7 1 4
V 9 7 2 2
H 15 15 3 2
V 6 4 8 1
V 10 17 2 1
V 3 1 2 1
H 17 6 3 4
H 5 6 8 2
V 14 3 2 1
V 17 18 2 1
H 15 18 1 2
H 0 8 1 4
V 1 9 2 4
V 10 4 2 4
V 6 13 2 1
H 16 8 2 4
V 15 2 2 7
V 2 6 4 2
V 7 5 4 4
H 11 11 3 2
V 9 1 2 11
H 13 1 2 4
V 8 5 2 1
V 4 7 2 4
V 11 18 4 1
H 11 3 2 2
H 5 6 6 2
H 12 3 2 4
V 5 5 2 1
H 10 6 3 2
V 10 4 2 5
H 8 7 2 2
H 11 14 1 2
H 17 15 2 2
H 11 12 3 2
H 16 6 4 2
V 8 8 4 1
V 18 7 2 4
H 1 3 1 2
V 2 12 2 1
H 9 14 3 2
V 16 11 2 2
H 8 12 2 2
H 15 4 4 2
V 18 10 2 1
V 4 7 2 5
V 1 11 2 2
H 12 8 2 6
H 15 3 1 2
H 9 3 4 2
V 8 16 4 2
H 10 15 2 2
V 18 6 2 1
V 12 4 6 1
V 9 1 2 3
H 18 8 1 6
V 9 2 2 3
V 3 6 2 2
V 14 10 2 4
H 2 11 1 2
V 12 4 2 2
V 4 7 4 3
V 9 18 4 2
V 2 10 2 1
H 10 15 8 2
H 15 7 1 4
H 1 7 7 2
V 7 5 4 1
V 0 6 4 1
V 2 5 2 8
H 14 2 2 6
H 10 4 3 2
V 4 5 2 6
V 3 9 4 1
H 2 1 1 2
H 15 2 2 2
H 9 1 3 2
H 19 4 1 4
V 11 15 2 1
H 19 14 1 2
V 7 11 2 1
H 9 12 1 2
H 17 8 3 2
H 15 8 1 6
V 1 8 8 1
H 8 11 3 2
H 17 15 1 2
H 5 6 8 2
H 5 14 8 2
H 15 2 1 2
H 13 18 1 2
H 8 6 1 4
H 8 7 2 6
H 3 0 1 2
H 8 7 1 2
H 13 14 3 2
H 18 2 2 2
H 13 15 3 2
H 16 11 3 2
V 18 4 2 2
V 14 7 2 1
V 11 7 2 5
V 8 1 2 1
H 16 16 4 2
V 7 19 4 1
V 8 15 4 2
V 13 18 2 2
V 15 16 2 3
V 8 19 6 1
H 8 15 1 2
H 8 12 3 2
V 8 15 6 1
V 15 9 2 1
V 14 2 2 7
H 9 8 2 2
V 4 11 2 1
V 8 6 2 8
H 10 1 1 2
V 4 0 2 2
V 2 5 4 8
H 15 7 2 2
V 10 3 6 2
V 3 14 8 1
V 2 12 4 1
H 7 10 3 4
H 7 12 4 2
H 9 3 5 2
H 16 4 2 4
V 13 4 2 1
H 4 14 2 2
H 8 10 2 2
H 5 12 6 2
H 17 18 1 2
H 10 3 2 2
V 8 15 2 1
H 17 5 1 8
V 1 18 10 1
V 16 2 4 1
H 10 3 1 6
V 8 5 2 3
H 14 4 3 8
H 7 10 1 2
H 8 6 1 2
H 10 16 1 2
V 17 10 2 1
V 15 2 2 9
V 9 18 10 1
H 17 7 2 2
V 8 14 4 3
V 0 11 2 2
H 14 9 4 4
H 16 12 4 2
H 15 7 3 4
V 5 4 4 1
H 15 4 2 2
V 12 18 6 1
V 2 12 2 1
V 14 2 2 4
V 1 5 4 2
H 13 14 1 2
V 4 6 2 2
V 15 17 4 1
H 16 10 3 2
H 8 1 3 2
V 7 4 2 1
H 13 11 1 2
V 6 1 2 2
H 13 9 1 2
H 16 5 2 12
H 9 7 2 2
H 19 4 1 2
V 11 3 2 7
V 0 15 2 2
V 3 13 2 1
H 4 2 2 2
H 10 2 1 2
V 3 5 4 1
V 12 14 2 2
H 7 11 2 2
H 13 2 5 2
V 5 18 4 1
V 10 4 2 1
V 2 14 2 4
H 12 2 5 2
V 11 17 2 2
V 9 15 4 1
V 10 7 2 1
H 15 9 1 4
V 4 7 2 2
V 7 8 4 2
H 14 10 1 4
V 1 13 4 1
H 9 1 2 8
H 14 6 6 4
H 6 12 1 2
V 8 5 2 5
H 5 2 1 2
H 2 16 1 2
H 5 9 1 2
V 7 2 8 3
V 14 2 2 9
V 10 1 2 5
V 12 1 8 1
V 12 14 6 2
V 9 2 2 7
H 18 9 1 6
V 15 15 4 1
V 5 0 4 1
V 14 12 4 1
H 5 7 1 2
H 8 7 1 4
V 12 3 2 5
V 3 1 8 2
H 7 9 1 2
V 9 14 6 2
V 12 9 2 1
V 2 9 4 4
V 8 6 2 8
H 6 14 6 2
H 3 7 2 2
V 10 6 4 2
H 17 14 2 4
H 16 11 2 2
H 14 8 2 2
H 12 18 1 2
V 15 1 4 1
V 14 6 4 2
V 13 15 4 4
V 0 19 2 1
H 17 11 1 4
V 6 15 4 1
V 8 1 2 1
V 6 18 4 2
H 5 8 3 2
H 3 0 1 2
V 15 2 2 1
H 10 17 6 2
V 15 8 2 6
H 14 12 3 2
V 12 17 2 2
V 12 15 4 3
H 14 2 3 2
V 8 10 2 4
V 8 18 4 1
H 16 9 2 4
V 3 14 2 3
V 4 7 4 2
H 17 13 1 4
H 1 7 7 2
H 1 9 1 4
V 2 9 4 1
H 15 1 1 2
H 16 9 1 6
V 8 5 2 4
H 7 12 2 2
V 2 10 2 1
V 8 11 2 3
V 10 17 6 3
V 8 12 2 1
H 17 12 3 2
V 3 12 2 1
H 11 17 6 2
H 16 18 1 2
H 10 14 1 2
H 14 5 1 2
H 10 17 7 2
H 11 16 8 2
H 16 8 2 12
V 3 18 10 1
V 18 5 2 2
V 12 15 2 5
H 14 6 4 2
V 15 11 2 2
H 10 2 5 2
H 18 10 1 6
H 14 16 2 4
V 8 11 2 1
H 1 15 2 2
V 13 14 2 6
V 5 5 4 1
H 3 1 1 4
V 10 1 2 7
V 9 1 2 2
V 2 14 2 1
H 2 7 1 2
V 6 18 4 1
H 7 15 11 2
V 2 9 2 2
H 14 16 6 2
H 13 10 1 4
H 11 1 1 2
V 12 15 4 3
H 15 2 1 4
V 3 5 10 1
V 2 7 2 1
H 16 13 1 6
V 15 17 2 3
H 11 5 1 4
V 14 8 2 3
V 12 6 2 2
H 15 7 3 6
H 17 7 3 2
V 10 1 2 6
V 6 1 4 2
V 9 15 2 1
H 16 2 1 14
H 16 2 2 6
V 12 1 2 2
V 6 7 2 1
H 1 3 3 2
H 15 1 1 8
H 15 16 4 2
H 6 1 3 2
V 12 15 6 1
V 8 3 6 1
V 15 15 4 3
H 12 1 2 2
H 14 10 4 2
H 2 8 2 2
H 17 7 1 2
V 9 2 2 6
H 14 6 2 6
V 9 0 2 1
H 9 1 5 2
H 2 0 5 2
V 7 15 4 2
V 15 3 2 4
H 15 14 3 6
H 16 11 2 8
V 11 3 2 2
H 19 8 1 2
V 5 18 4 2
H 9 1 1 2
V 10 0 6 1
V 8 9 2 1
H 14 7 1 2
V 12 3 6 2
H 14 4 3 2
H 5 14 2 2
H 16 10 2 8
V 4 11 2 2
V 6 14 6 2
H 12 4 2 6
H 2 1 1 2
V 6 15 2 1
V 6 9 2 1
H 1 18 1 2
V 8 3 4 2
H 16 11 2 4
H 10 2 8 2
V 15 7 2 7
V 16 2 2 5
H 4 6 1 2
V 15 2 2 4
V 8 8 2 3
H 14 12 3 2
V 7 7 2 5
V 1 18 4 1
H 15 8 1 6
H 15 7 1 4
H 16 1 1 6
H 15 7 1 2
H 7 8 4 2
H 12 2 1 2
H 7 15 1 2
V 6 14 4 2
V 12 17 4 1
V 12 7 2 3
V 18 9 2 2
V 7 18 6 1
V 2 14 2 2
V 18 16 2 1
V 10 14 2 1
V 1 7 2 1
H 7 5 2 2
V 10 17 2 1
V 15 3 2 4
H 0 11 2 2
V 0 19 4 1
H 11 3 7 2
H 2 0 2 2
V 10 15 4 2
V 3 6 2 1
H 14 4 4 4
V 17 17 2 2
V 3 0 6 1
H 14 2 2 4
V 0 18 10 1
V 6 4 6 1
H 16 8 3 4
V 15 4 2 9
V 17 6 2 8
V 15 10 2 2
V 12 0 2 1
V 9 15 2 1
V 15 18 4 1
H 14 18 4 2
H 18 11 1 2
V 17 1 2 1
H 7 7 3 4
V 9 12 2 1
H 0 16 3 2
V 4 18 4 2
V 4 9 2 2
V 13 1 4 1
V 11 14 4 1
H 5 10 1 2
H 19 9 1 2
V 8 18 2 2
V 9 5 4 3
H 15 4 3 2
V 4 4 4 1
H 14 4 2 6
H 9 10 2 2
H 10 5 2 4
V 12 2 6 2
V 14 6 4 2
V 12 7 2 1
H 9 4 2 2
V 10 2 2 2
V 10 16 4 1
V 15 5 4 2
H 5 7 1 2
H 9 6 2 4
H 15 1 1 6
V 5 1 4 2
H 13 4 1 6
H 14 5 1 6
H 11 3 3 4
V 2 12 2 1
V 7 8 2 4
H 10 7 1 6
V 16 7 2 2
V 7 10 4 1
V 12 1 2 3
V 15 3 2 7
V 13 3 2 1
V 14 2 2 4
V 4 0 6 1
V 10 15 2 1
H 16 10 1 10
V 16 3 2 3
H 14 11 1 2
H 13 18 1 2
V 5 4 6 1
V 14 12 2 2
H 12 7 2 2
V 15 3 4 1
H 8 9 1 4
V 14 9 2 1
H 12 17 3 2
H 1 3 1 2
H 6 1 10 2
V 14 1 2 1
V 5 18 6 1
V 10 16 2 2
H 10 6 1 8
H 13 17 1 2
V 6 4 2 1
H 0 11 10 2
V 14 16 2 2
V 11 9 2 1
V 8 14 2 2
H 12 5 1 4
H 11 6 3 2
H 14 8 2 4
V 10 14 4 3
H 6 1 8 2
V 2 13 2 1
V 15 6 2 1
V 14 16 4 1
V 8 18 6 1
V 10 7 4 2
H 2 16 1 2
V 10 4 6 1
V 17 8 2 3
V 15 18 2 1
V 12 11 2 1
H 12 3 1 2
H 0 11 5 2
V 9 1 6 1
V 14 4 2 2
V 4 11 2 2
H 2 0 4 2
V 7 6 2 3
H 14 17 4 2
V 8 12 2 2
V 10 1 2 5
V 14 3 4 2
H 16 11 2 4
H 4 10 2 2
H 11 16 6 2
H 16 2 1 2
H 17 10 1 4
V 16 5 4 1
V 9 5 2 2
V 6 8 4 2
V 15 4 4 1
V 17 4 2 1
H 4 8 2 4
V 6 18 4 2
H 9 15 4 2
V 9 14 2 2
H 17 16 1 4
V 10 16 4 3
H 6 3 2 2
V 11 3 2 5
V 18 9 2 1
V 14 5 2 1
V 8 0 6 1
V 18 14 2 2
V 10 6 2 1
V 14 9 2 2
V 18 4 2 2
V 3 12 2 1
V 15 5 2 8
H 5 11 2 2
H 17 17 2 2
H 6 0 1 2
H 16 12 4 4
V 12 16 2 2
V 4 8 2 1
H 7 5 2 2
V 5 1 2 3
H 15 16 1 2
H 16 11 1 8
V 16 1 2 4
V 13 1 2 1
H 18 9 1 2
V 5 9 4 1
V 6 8 2 2
V 0 6 6 1
H 10 5 2 4
V 3 5 2 1
V 13 14 4 1
H 17 13 3 2
V 17 14 2 2
V 8 6 2 4
V 6 9 4 3
V 8 14 12 1
V 12 4 2 3
V 4 1 4 1
H 17 18 1 2
H 8 6 2 4
H 15 4 1 2
H 7 11 2 2
V 8 5 2 3
V 10 1 2 3
V 18 12 2 4
V 7 16 2 2
H 14 4 6 2
V 12 4 4 1
H 5 2 1 2
V 5 14 2 4
H 1 7 2 2
H 11 16 2 4
V 11 3 2 2
H 17 15 1 4
V 11 2 2 1
V 9 2 2 8
H 5 1 3 2
V 2 5 2 4
H 3 7 1 2
V 14 10 2 1
H 8 3 1 2
V 15 4 2 2
H 16 10 1 4
V 11 18 2 2
H 8 5 3 2
V 4 2 4 1
V 7 7 2 2
H 6 7 5 4
H 9 10 1 4
H 14 17 3 2
V 11 18 4 2
V 18 14 2 2
V 4 8 4 1
H 9 4 5 2
H 8 5 3 4
V 8 8 2 1
H 7 5 4 2
H 6 1 4 2
V 10 3 4 1
V 14 4 2 6
V 14 9 2 3
H 17 7 3 2
V 11 7 2 7
H 17 8 1 8
H 15 9 3 2
H 15 17 4 2
V 2 0 2 2
V 9 3 2 5
V 10 1 2 6
H 14 15 3 4
H 3 6 8 2
H 15 2 2 4
H 15 4 2 4
H 18 5 1 4
V 14 2 2 2
V 13 4 6 1
V 9 3 2 1
H 15 7 4 4
V 12 4 2 4
V 11 5 2 8
V 17 5 2 1
V 14 3 2 5
H 7 3 1 2
H 7 8 1 4
H 8 8 2 2
V 15 11 2 3
V 7 1 2 1
V 7 4 4 1
V 18 4 2 3
H 16 2 1 6
H 16 13 2 4
V 1 16 2 1
V 11 5 2 1
H 15 7 1 6
H 14 11 5 2
V 7 17 2 1
V 9 3 2 3
H 3 8 1 2
H 4 7 2 4
V 14 3 2 8
V 8 2 4 1
V 16 11 2 3
H 9 8 2 2
V 8 6 2 7
H 3 8 2 2
V 14 1 2 1
H 9 4 1 4
V 7 6 4 4
V 10 4 2 3
H 10 4 2 2
V 14 3 2 7
V 5 0 8 1
V 3 0 2 2
V 12 2 2 2
H 17 18 1 2
H 15 3 3 2
H 11 15 1 2
V 12 14 2 1
V 8 19 2 1
H 8 3 10 2
H 1 10 5 2
H 0 7 9 2
V 8 7 2 1
V 7 3 4 1
V 10 2 2 6
H 4 0 3 2
H 8 6 5 2
V 2 6 6 2
V 1 7 10 1
V 12 11 2 1
H 0 1 2 2
H 14 7 1 4
H 7 2 1 2
V 4 0 2 1
H 15 14 1 2
H 3 6 8 2
V 4 10 2 2
H 12 3 1 2
H 6 5 2 2
H 9 3 3 2
H 1 3 2 2
H 5 5 2 4
H 13 2 5 2
H 5 1 3 2
H 11 14 1 4
H 14 3 3 6
V 15 7 2 2
V 3 11 2 1
H 8 11 3 2
H 9 11 2 2
H 10 4 3 2
H 8 8 1 2
H 4 2 11 2
H 11 8 1 2
H 13 16 1 4
V 0 1 2 1
V 5 3 2 1
V 16 7 2 3
V 14 1 2 8
V 0 7 8 1
V 8 2 2 2
H 18 8 1 2
V 4 17 4 1
H 3 10 1 2
H 2 15 1 2
V 10 14 2 1
V 5 8 2 1
H 15 15 1 4
V 0 13 4 1
H 15 15 4 2
H 2 0 4 2
H 15 8 3 4
V 18 16 2 1
H 7 8 1 2
H 5 8 1 2
H 3 18 1 2
V 8 6 4 3
H 7 6 7 2
V 11 3 2 2
H 10 10 1 2
H 5 9 6 2
V 11 6 2 1
H 2 0 3 2
H 15 10 1 4
H 11 12 1 2
V 5 9 2 1
V 16 11 2 4
V 2 3 2 2
V 4 3 6 2
H 4 2 4 2
V 15 7 2 1
V 10 8 2 1
H 9 4 3 4
H 10 17 3 2
H 5 0 2 2
V 15 2 2 8
V 8 13 2 1
H 4 8 4 2
H 13 17 1 2
V 2 6 2 1
H 15 4 4 4
V 7 1 4 4
H 3 11 3 2
H 2 1 4 2
V 5 16 2 1
H 0 7 1 4
V 9 2 2 1
H 16 7 3 2
H 5 5 4 4
V 5 2 2 1
V 10 14 6 1
H 13 12 1 2
V 3 2 8 1
H 16 12 1 4
H 10 9 1 2
H 12 2 7 2
H 13 2 4 2
H 8 7 1 6
V 2 2 6 1
H 2 6 6 2
V 10 1 2 6
H 16 13 2 2
H 16 7 2 2
H 9 9 1 2
H 11 5 2 2
V 7 10 2 4
V 12 11 2 3
H 14 8 5 2
H 10 3 2 4
H 17 1 1 8
V 7 3 4 2
V 11 6 2 1
V 1 14 6 1
V 9 4 2 3
V 5 10 2 2
H 11 8 1 2
V 9 14 2 3
H 17 6 2 2
H 11 4 1 4
H 17 7 1 6
V 17 15 2 2
V 7 5 2 1
H 17 7 3 2
H 2 0 1 4
H 10 17 1 2
V 6 2 2 1
H 7 2 8 2
H 2 5 8 2
V 2 10 4 1
V 7 15 4 1
V 8 2 2 3
H 2 0 1 2
V 5 9 4 2
H 12 16 6 2
V 18 14 2 1
V 6 14 2 4
H 19 11 1 4
H 3 9 8 2
V 10 4 2 1
V 11 16 2 1
V 8 5 2 2
H 12 16 4 2
H 4 1 1 2
V 5 12 4 1
H 10 6 4 2
V 10 6 4 1
H 12 17 6 2
V 2 11 2 2
H 2 5 3 2
H 11 8 2 2
H 17 10 1 2
H 0 7 9 2
H 0 11 1 2
V 0 10 2 2
H 1 6 8 2
V 2 4 2 1
V 4 0 2 3
V 4 5 2 7
H 2 10 9 2
V 3 6 2 5
V 4 5 2 2
V 6 1 2 2
H 4 16 3 2
V 6 14 2 2
V 7 18 2 2
H 7 2 9 2
H 5 9 6 2
V 13 1 2 3
V 14 3 2 1
V 14 16 2 4
H 14 8 5 2
H 15 9 4 2
H 14 16 5 2
V 16 1 2 1
V 17 13 2 6
H 15 15 5 2
V 18 6 2 2
H 14 6 5 2
V 16 3 2 9
H 2 1 1 4
H 1 15 2 2
H 1 14 6 2
V 5 14 2 2
V 2 6 2 3
H 2 6 3 2
V 2 10 2 3
H 2 11 2 2
H 4 6 1 4
H 7 5 4 2
V 6 5 2 1
H 4 7 1 2
V 3 8 4 1
H 6 7 3 2
H 8 11 3 2
V 5 8 4 4
H 5 11 2 2
V 8 11 2 3
H 10 10 1 2
H 5 8 4 4
H 5 10 1 4
H 4 16 2 2
V 5 17 2 1
H 9 15 3 2
V 6 15 4 1
H 7 15 1 2
H 7 2 1 2
V 7 3 2 2
H 6 9 3 2
V 8 8 2 2
V 11 2 2 2
H 11 3 1 2
V 10 18 4 2
V 15 18 2 2
H 13 17 3 2
V 15 10 2 1
H 16 9 3 2
H 16 11 1 4
V 14 16 4 1
V 18 2 2 1
V 17 2 2 2
H 17 13 1 4
V 18 10 2 1
H 17 9 2 2
V 17 18 2 1
H 18 17 1 2
V 16 18 2 1
H 15 18 2 2
V 16 0 4 1
V 2 0 4 1
H 2 0 3 2
H 1 15 2 2
V 2 15 2 1
H 3 14 2 2
H 1 18 1 2
V 1 18 6 1
H 3 18 2 2
V 2 12 2 1
H 2 11 1 2
H 2 10 1 2
V 2 10 2 1
H 3 9 1 2
H 3 8 1 2
V 1 8 6 1
H 6 8 3 4
H 5 10 4 2
V 5 10 2 2
H 6 0 1 2
V 6 1 2 1
H 7 1 1 2
H 8 9 1 4
V 7 5 2 7
V 7 5 4 2
H 7 5 4 2
H 13 1 1 2
V 10 2 4 2
H 9 1 3 2
V 10 1 2 3
V 9 12 2 2
V 8 12 2 2
H 8 7 1 6
H 6 8 3 2
V 7 8 4 1
H 10 8 1 2
V 6 8 2 2
H 6 8 1 4
H 11 9 1 2
V 11 6 2 4
V 12 9 2 1
H 13 9 1 4
V 12 11 2 2
H 12 11 2 2
V 11 12 2 1
H 11 12 1 2
V 10 6 4 2
H 13 1 1 6
V 10 2 4 2
H 10 5 1 4
V 9 5 2 2
H 9 15 3 2
H 8 14 4 2
V 10 14 2 3
H 8 14 3 2
V 8 15 4 1
V 14 12 2 2
H 14 12 2 2
H 14 11 1 2
H 16 13 1 2
V 15 13 2 1
V 14 13 2 1
V 15 4 4 1
H 15 4 3 2
V 16 15 4 1
H 19 15 1 2
V 0 10 4 1
H 3 9 1 2
H 3 8 1 2
V 1 8 4 1
H 1 7 2 2
V 0 7 2 1
V 2 6 2 1
V 3 6 2 1
H 4 5 1 2
V 4 5 2 1
H 2 6 1 2
V 2 6 2 1
V 3 6 2 1
H 4 5 1 2
V 4 15 2 3
H 4 15 2 2
V 5 15 2 1
H 6 14 1 2
H 15 1 1 2
V 13 1 4 1
H 13 1 1 4
V 12 2 2 2
H 10 18 2 2
V 10 18 4 1
H 13 17 2 2
H 16 13 1 2
V 15 14 4 2
H 18 12 1 4
V 18 12 2 2
H 19 10 1 4
V 16 10 4 1
V 15 10 4 1
H 16 13 1 2
V 15 14 4 2
H 18 13 1 2
V 18 12 2 2
H 15 14 4 2
H 16 13 1 2
V 15 13 2 1
H 15 12 1 2
V 15 14 4 2
V 16 15 4 1
V 15 14 4 2
V 17 14 2 2
V 1 3 2 1
H 1 0 1 4
V 0 0 2 3
H 0 0 2 2
V 1 8 8 1
H 6 8 3 2
V 1 8 8 1
H 4 7 1 2
V 8 19 4 1
V 10 18 2 2
H 10 18 2 2
V 10 18 4 1
H 13 18 1 2
H 17 4 1 8
V 16 10 2 2
H 16 4 2 2
H 18 12 1 2
H 18 13 1 2
V 15 14 4 1
H 15 14 3 2
V 9 0 10 1
V 7 7 2 2
H 8 7 1 6
H 8 11 1 2
V 8 12 2 2
V 9 12 2 2
H 10 11 1 2
H 15 1 1 4
V 13 1 4 1
H 13 1 1 4
H 13 2 1 4
V 12 5 2 1
H 12 5 1 4
V 12 7 2 1
H 16 4 1 2
H 15 3 2 2
V 15 3 4 1
H 18 2 1 2
V 18 2 2 1
H 2 0 1 4
H 2 2 1 2
V 1 3 2 1
H 1 0 1 4
H 1 0 1 2
H 1 2 1 2
V 1 3 2 1
H 2 0 1 4
H 2 0 1 2
V 2 0 4 1
H 4 0 1 2
V 2 0 2 1
H 2 0 1 4
H 2 2 1 2
V 1 3 2 1
H 1 2 1 2
V 0 1 2 2
V 7 18 2 1
H 8 18 1 2
V 8 19 4 1
V 10 18 2 2
H 11 16 1 4
H 11 16 1 2
V 10 16 2 1
H 9 15 2 2
H 8 14 3 2
H 8 14 2 2
V 0 15 10 1
V 0 15 4 1
H 1 14 1 2
V 9 6 4 1
V 11 6 2 4
H 12 5 1 2
V 12 5 2 1
H 13 2 1 4
H 13 2 1 2
V 10 2 4 1
H 11 1 1 2
V 9 12 2 2
V 8 12 2 2
H 8 7 1 6
H 8 8 1 2
V 6 8 6 1
H 11 7 1 4
H 7 7 2 2
V 6 8 6 1
H 11 8 2 2
H 14 5 1 4
V 14 7 4 1
V 16 7 2 2
H 17 5 1 6
V 16 10 2 1
V 17 14 2 1
H 18 13 1 2
H 18 12 1 2
V 18 12 2 1
H 19 11 1 2
H 19 10 1 2
V 18 10 2 1
V 17 10 2 1
H 17 7 1 4
V 17 8 2 1
V 0 10 4 1
V 2 10 2 1
H 3 9 1 2
H 3 8 1 2
V 2 8 2 1
H 2 5 1 4
V 2 6 2 1
V 3 6 2 1
V 5 10 2 1
H 6 9 1 2
H 6 8 1 2
V 6 8 2 1
H 7 5 1 4
H 7 5 1 2
V 7 5 2 1
V 5 10 2 1
H 6 9 1 2
H 6 8 1 2
V 5 8 4 1
H 8 7 1 6
H 8 10 1 4
V 0 13 10 1
V 0 13 6 1
V 4 8 8 1
H 10 7 3 2
H 10 6 3 2
H 1 15 2 2
V 0 15 10 1
V 7 15 2 1
H 8 14 2 2
V 4 15 6 1
H 9 14 1 2
V 2 12 2 1
H 2 11 1 2
H 2 10 1 2
V 2 10 2 1
H 3 9 1 2
H 3 8 1 2
V 2 8 2 1
H 2 5 1 4
H 2 5 1 2
V 1 5 2 1
H 3 9 1 2
H 3 8 1 2
V 1 8 10 1
H 8 7 1 6
H 8 11 1 2
V 8 12 2 2
H 8 10 1 4
V 1 13 10 1
V 1 13 4 1
V 2 13 8 1
V 2 13 4 1
H 2 11 1 2
H 2 10 1 2
V 2 10 2 1
H 3 9 1 2
H 3 8 1 2
V 1 8 10 1
H 8 7 1 6
H 8 10 1 4
V 3 13 8 1
V 3 13 2 1
V 5 10 2 1
H 6 9 1 2
H 6 8 1 2
V 5 8 4 1
H 8 7 1 6
H 8 10 1 4
V 4 13 6 1
V 4 13 2 1
V 5 10 2 1
H 6 9 1 2
H 6 8 1 2
V 5 8 4 1
H 8 7 1 6
H 8 10 1 4
V 5 13 6 1
V 2 12 2 1
H 2 11 1 2
H 2 10 1 2
V 2 10 2 1
H 3 9 1 2
H 3 8 1 2
V 1 8 10 1
H 8 7 1 6
H 8 10 1 4
V 6 13 4 1
H 6 8 1 2
V 1 8 10 1
H 1 7 2 2
V 5 8 4 1
H 8 7 1 6
H 8 10 1 4
V 7 13 2 1
H 15 1 1 4
H 15 1 1 2
V 13 1 4 1
H 13 1 1 2
V 10 2 4 1
V 9 2 4 1
H 9 1 1 4
V 6 4 4 1
H 7 3 1 2
H 15 1 1 4
H 15 1 1 2
V 13 1 4 1
H 13 1 1 4
H 13 2 1 4
V 12 5 2 1
H 12 5 1 4
H 10 7 3 2
V 3 8 10 1
H 7 5 1 4
H 7 5 1 2
V 7 18 2 1
H 8 18 1 2
V 8 19 4 1
V 10 18 2 2
H 10 18 2 2
V 10 18 6 1
H 14 17 1 2
H 14 16 1 2
V 14 16 2 1
H 15 15 1 2
H 15 14 1 2
V 13 14 4 1
H 13 14 1 2
H 8 18 1 2
V 8 19 4 1
V 10 18 2 2
H 11 16 1 4
H 11 16 1 2
V 10 16 2 1
V 9 15 2 2
H 9 15 2 2
V 2 15 8 1
H 4 15 2 2
H 4 14 1 2
V 0 15 10 1
V 9 15 2 2
H 9 15 2 2
V 10 16 2 1
H 11 16 1 4
V 10 18 6 1
H 14 17 1 2
H 14 16 1 2
V 14 16 2 1
H 15 15 1 2
H 15 14 1 2
V 13 14 4 1
H 9 15 2 2
V 10 16 2 1
H 11 16 1 4
V 10 18 6 1
H 14 17 1 2
H 14 16 1 2
V 14 16 2 1
H 15 15 1 2
H 15 14 1 2
V 14 14 2 1
H 1 15 2 2
V 0 15 10 1
V 5 15 6 1
H 9 15 2 2
V 10 16 2 1
H 11 16 1 4
V 10 18 2 2
H 3 18 1 2
V 1 18 8 1
V 7 18 2 1
H 8 18 1 2
V 8 19 4 1
V 10 19 2 1
H 11 16 1 4
H 11 16 1 2
V 10 16 2 1
V 9 15 2 2
H 9 16 1 2
V 8 17 2 1
H 9 16 1 2
H 1 15 2 2
V 0 15 10 1
V 6 15 4 1
H 9 15 2 2
V 7 18 2 1
H 8 18 1 2
V 8 19 4 1
V 10 19 2 1
H 11 18 1 2
V 11 18 8 1
H 15 18 1 2
H 11 16 1 4
V 10 16 2 1
H 10 15 1 2
V 1 15 10 1
V 0 15 6 1
H 1 15 2 2
V 1 8 12 1
V 4 8 8 1
H 10 7 3 2
H 17 7 1 4
V 17 10 2 1
V 18 10 2 1
H 19 10 1 2
H 19 11 1 2
V 18 12 2 1
H 18 12 1 2
H 18 13 1 2
V 15 14 4 1
V 15 14 2 1
H 15 14 1 2
H 15 15 1 2
V 14 16 2 1
H 14 16 1 2
H 14 17 1 2
V 11 18 8 1
H 8 8 1 6
H 8 7 1 4
V 1 8 10 1
H 3 8 1 2
H 3 9 1 2
V 0 10 4 1
V 0 10 2 1
H 0 9 1 2
V 1 8 10 1
H 3 8 1 2
H 3 9 1 2
V 0 10 4 1
V 0 10 2 1
V 15 14 2 1
H 15 14 1 2
H 15 15 1 2
V 14 16 2 1
H 14 16 1 2
H 14 17 1 2
V 11 18 6 1
H 11 16 1 4
V 10 16 2 1
H 10 15 1 2
V 1 15 10 1
V 4 15 2 1
H 4 14 1 2
V 9 2 4 1
V 10 2 4 1
H 13 1 1 4
H 13 4 1 2
V 12 5 2 1
H 12 5 1 4
H 12 6 1 4
V 12 9 2 1
H 13 9 1 4
V 12 11 2 2
H 12 11 2 2
V 11 12 2 1
H 12 11 2 2
H 13 9 1 2
V 12 9 2 1
H 12 8 1 2
V 5 8 8 1
H 8 7 1 6
V 7 11 2 1
H 9 1 1 2
V 6 1 4 1
V 6 1 2 1
H 6 0 1 2
V 2 0 8 1
H 2 0 1 4
H 2 2 1 2
V 1 3 2 1
H 1 1 1 4
V 0 1 2 1
H 16 4 1 2
V 15 3 2 2
H 15 1 1 4
H 15 1 1 2
V 13 1 4 1
H 13 1 1 4
H 13 2 1 4
V 12 5 2 1
H 12 5 1 4
H 12 6 1 4
V 12 9 2 1
H 13 9 1 4
V 12 11 2 1
H 14 7 1 2
V 14 7 4 1
V 16 7 2 2
H 17 5 1 4
V 16 5 2 1
H 16 4 1 2
V 15 3 2 2
H 15 1 1 4
H 15 1 1 2
V 13 1 4 1
H 13 1 1 4
H 13 2 1 4
V 12 5 2 1
H 12 5 1 4
H 12 7 1 2
V 5 8 8 1
H 7 7 2 2
V 2 0 12 1
H 6 0 1 2
V 6 1 4 1
V 8 1 2 1
H 9 1 1 4
V 9 2 2 2
V 5 0 2 1
H 6 0 1 2
V 6 1 4 1
V 8 1 2 1
H 9 1 1 2
V 9 2 4 1
V 10 2 4 1
H 13 1 1 4
H 13 4 1 2
V 12 5 2 1
H 12 5 1 4
H 12 7 1 2
V 9 8 4 1
H 10 5 1 4
V 9 6 2 1
H 6 0 1 2
V 2 0 16 1
V 12 0 6 1
H 5 2 1 2
H 5 3 1 2
V 4 4 6 1
V 8 4 2 1
H 9 1 1 4
V 9 2 4 1
V 10 2 4 1
H 13 1 1 4
H 13 4 1 2
V 12 5 2 1
H 12 5 1 4
H 12 7 1 2
V 1 8 12 1
V 1 8 8 1
H 2 5 1 4
H 2 5 1 2
V 9 2 4 1
V 10 2 4 1
H 13 1 1 4
H 13 4 1 2
V 12 5 2 1
H 12 5 1 4
H 12 7 1 2
V 1 8 12 1
H 6 8 1 2
H 6 9 1 2
V 5 10 2 1
V 2 12 2 1
H 2 11 1 2
H 2 10 1 2
V 2 10 2 1
H 3 9 1 2
H 3 8 1 2
V 1 8 6 1
H 6 8 1 2
H 6 9 1 2
H 10 12 1 2
V 9 13 2 1
V 8 13 2 1
H 8 8 1 6
H 8 8 1 4
V 5 8 4 1
H 6 8 1 2
H 8 8 1 4
V 5 8 8 1
H 12 5 1 4
H 12 5 1 2
V 12 5 2 1
H 13 2 1 4
H 13 1 1 4
V 13 1 4 1
H 15 1 1 4
H 15 3 2 2
H 17 5 1 2
V 16 5 2 1
H 16 4 1 2
H 16 3 1 2
V 15 3 2 1
H 15 2 1 2
H 15 1 1 2
V 13 1 4 1
H 13 1 1 4
H 13 2 1 4
V 12 5 2 1
H 12 5 1 4
H 12 7 1 2
V 3 8 10 1
H 7 7 1 2
H 7 6 1 2
V 2 10 2 1
H 3 9 1 2
H 3 8 1 2
V 1 8 8 1
H 7 7 1 2
V 9 8 4 1
H 12 5 1 4
H 12 5 1 2
V 12 5 2 1
H 13 2 1 4
H 13 1 1 4
V 13 1 4 1
H 15 1 1 2
H 15 2 1 2
V 15 3 2 1
H 16 3 1 2
H 16 4 1 2
V 16 5 2 1
H 17 5 1 4
V 14 7 4 1
V 14 6 2 2
H 14 6 1 4
V 2 12 2 1
H 2 11 1 2
H 2 10 1 2
V 2 10 2 1
H 3 9 1 2
H 3 8 1 2
V 1 8 12 1
V 9 8 2 1
H 10 5 1 4
H 10 5 1 2
V 9 8 2 1
H 10 7 1 2
H 10 6 1 2
V 11 8 2 1
H 12 5 1 4
H 12 5 1 2
V 12 5 2 1
H 13 2 1 4
H 13 2 1 2
V 10 2 4 1
V 9 2 4 1
H 9 1 1 2
V 6 1 4 1
V 6 1 2 1
H 6 0 1 2
V 2 0 8 1
H 2 0 1 4
V 2 2 2 1
V 8 1 2 1
H 9 1 1 2
V 9 2 4 1
V 10 2 4 1
H 13 1 1 2
V 13 1 4 1
H 15 1 1 2
H 15 2 1 2
V 15 3 2 1
H 16 3 1 2
H 16 4 1 2
V 16 5 2 1
H 17 5 1 4
V 14 7 4 1
V 14 6 2 2
H 14 7 1 2
H 18 1 1 2
H 18 2 1 2
V 15 3 4 1
V 15 3 2 1
H 15 2 1 2
H 15 1 1 2
V 13 1 4 1
H 13 1 1 4
H 13 2 1 4
V 12 5 2 1
H 12 5 1 4
H 12 7 1 2
V 9 8 4 1
H 10 7 1 2
V 14 18 2 1
H 14 17 1 2
H 14 16 1 2
V 14 16 2 1
H 15 15 1 2
H 15 14 1 2
V 15 14 4 1
V 17 14 2 1
H 18 13 1 2
H 18 12 1 2
V 18 12 2 1
H 19 11 1 2
H 19 10 1 2
V 18 10 2 1
V 17 10 2 1
H 17 5 1 6
V 14 7 4 1
H 14 6 2 2
H 10 12 1 2
V 9 13 2 1
V 8 13 2 1
H 8 8 1 6
H 8 8 1 4
V 5 8 8 1
H 12 5 1 4
H 12 5 1 2
V 12 5 2 1
H 13 2 1 4
H 13 2 1 2
V 10 2 4 1
V 9 2 4 1
H 9 1 1 4
V 4 4 6 1
V 5 4 2 1
H 5 3 1 2
H 5 2 1 2
V 9 2 4 1
V 9 2 2 1
H 9 1 1 4
V 4 4 6 1
V 5 4 2 1
H 5 3 1 2
H 19 4 1 2
H 19 5 1 2
V 18 6 2 1
V 17 6 2 1
H 17 5 1 2
V 16 5 2 1
H 16 4 1 2
H 16 3 1 2
V 15 3 2 1
H 15 2 1 2
H 15 1 1 2
V 13 1 4 1
H 13 1 1 4
H 13 2 1 4
V 12 5 2 1
H 12 5 1 4
H 12 6 1 4
V 12 9 2 1
H 13 9 1 4
H 13 10 1 4
H 9 1 1 4
V 9 2 4 1
V 10 2 4 1
H 13 1 1 4
H 13 4 1 2
V 12 5 2 1
H 12 5 1 4
H 12 6 1 4
V 12 9 2 1
H 13 9 1 4
H 13 11 1 2
H 17 5 1 6
H 17 5 1 2
V 16 5 2 1
H 16 4 1 2
H 16 3 1 2
V 15 3 2 1
H 15 2 1 2
H 15 1 1 2
V 13 1 4 1
H 13 1 1 4
H 13 2 1 4
V 12 5 2 1
H 12 5 1 4
H 12 6 1 4
V 12 9 2 1
H 13 9 1 2
H 13 10 1 2
H 12 5 1 4
H 12 6 1 4
V 12 9 2 1
H 13 9 1 2
H 13 1 1 4
H 13 2 1 4
V 12 5 2 1
H 12 5 1 4
H 12 6 1 4
V 12 9 2 1
V 17 6 2 1
H 17 5 1 2
V 16 5 2 1
H 16 4 1 2
H 16 3 1 2
V 15 3 2 1
H 15 2 1 2
H 15 1 1 2
V 13 1 4 1
H 13 1 1 4
H 13 2 1 4
V 12 5 2 1
H 12 5 1 4
H 12 6 1 4
H 2 0 1 4
V 2 0 14 1
V 3 0 14 1
V 2 0 12 1
V 3 0 12 1
V 6 0 8 1
V 6 1 2 1
H 6 0 1 2
V 2 0 10 1
V 11 0 2 1
V 9 2 4 1
V 9 2 2 1
H 9 1 1 2
V 6 1 4 1
V 6 1 2 1
H 6 0 1 2
V 2 0 10 1
V 6 1 4 1
V 6 1 2 1
H 6 0 1 2
V 3 0 8 1
V 10 2 4 1
H 13 1 1 2
V 13 1 4 1
H 15 1 1 2
H 15 2 1 2
V 15 3 2 1
H 16 3 1 2
H 16 4 1 2
V 16 5 2 1
H 17 5 1 6
H 17 7 1 4
V 17 10 2 1
V 18 10 2 1
H 19 10 1 2
H 19 11 1 2
V 18 12 2 1
H 18 12 1 2
H 18 13 1 2
V 15 14 4 1
H 16 13 1 2
V 15 13 2 1
V 5 15 6 1
H 10 15 1 2
V 10 16 2 1
H 11 16 1 4
V 11 18 6 1
H 14 17 1 2
H 14 16 1 2
V 14 16 2 1
H 15 15 1 2
H 15 14 1 2
V 15 14 2 1
H 16 13 1 2
H 18 1 1 2
H 18 2 1 2
V 15 3 4 1
V 15 3 2 1
H 15 2 1 2
H 15 1 1 2
V 13 1 4 1
H 13 1 1 2
V 10 2 4 1
V 9 2 4 1
H 9 1 1 2
V 6 1 4 1
V 6 1 2 1
H 6 0 1 2
V 4 0 6 1
V 10 2 4 1
V 9 2 4 1
H 9 1 1 2
V 6 1 4 1
V 6 1 2 1
H 6 0 1 2
V 5 0 4 1
V 15 1 2 1
H 15 1 1 2
H 15 2 1 2
V 15 3 2 1
H 16 3 1 2
H 16 4 1 2
V 16 5 2 1
H 17 5 1 6
H 17 7 1 4
V 17 10 2 1
V 18 10 2 1
H 19 10 1 2
H 19 11 1 2
V 18 12 2 1
H 18 12 1 2
H 18 13 1 2
V 17 14 2 1
H 17 14 1 2
H 17 15 1 2
V 14 16 2 1
H 15 15 1 2
H 15 14 1 2
V 15 14 4 1
H 17 14 1 2
V 15 3 2 1
H 15 2 1 2
H 15 1 1 2
V 13 1 4 1
H 13 1 1 2
V 10 2 4 1
V 9 2 4 1
H 9 1 1 2
V 6 1 4 1
V 6 1 2 1
H 6 0 1 2
V 3 0 4 1
V 2 0 4 1
H 2 0 1 4
H 2 2 1 2
V 1 3 2 1
H 1 3 1 2
V 1 3 2 1
H 2 0 1 4
H 2 0 1 2
V 2 0 4 1
V 3 0 4 1
H 6 0 1 2
V 6 1 4 1
V 8 1 2 1
H 9 1 1 2
V 9 2 4 1
V 10 2 4 1
H 13 1 1 2
V 13 1 4 1
H 15 1 1 2
H 15 2 1 2
V 15 3 2 1
H 16 3 1 2
H 16 4 1 2
V 16 5 2 1
H 17 5 1 4
V 14 7 4 1
V 14 7 2 1
H 14 6 1 2
H 14 5 1 2
H 16 7 2 2
V 14 7 4 1
H 14 6 1 2
V 1 8 12 1
V 9 8 4 1
H 12 5 1 4
H 12 5 1 2
V 12 5 2 1
H 13 2 1 4
H 13 1 1 4
V 13 1 4 1
H 15 1 1 2
H 15 2 1 2
V 15 3 2 1
H 16 3 1 2
H 16 4 1 2
V 16 5 2 1
H 17 5 1 4
V 14 7 4 1
V 14 7 2 1
V 16 5 2 1
H 17 5 1 4
V 16 7 2 2
V 15 7 2 1
H 15 2 1 2
V 15 3 2 1
H 16 3 1 2
H 16 4 1 2
V 16 5 2 1
H 17 5 1 4
V 16 7 2 2
V 4 4 6 1
V 6 4 4 1
H 9 1 1 4
V 9 2 4 1
V 10 2 4 1
H 13 1 1 4
H 13 4 1 2
V 12 5 2 1
H 12 5 1 4
H 12 7 1 2
V 1 8 12 1
V 1 8 6 1
H 3 8 1 2
H 3 9 1 2
V 2 10 2 1
H 2 10 1 2
H 2 11 1 2
V 2 12 2 1
V 2 10 2 1
H 3 9 1 2
H 3 8 1 2
V 1 8 12 1
V 7 8 6 1
H 12 5 1 4
H 12 5 1 2
V 12 5 2 1
H 13 2 1 4
H 13 2 1 2
V 10 2 4 1
V 9 2 4 1
H 9 1 1 4
V 4 4 6 1
V 4 4 4 1
H 1 2 1 2
V 1 3 2 1
H 2 0 1 4
H 2 0 1 2
V 2 0 4 1
V 3 0 4 1
H 6 0 1 2
V 6 1 4 1
V 8 1 2 1
H 9 1 1 4
H 9 3 1 2
V 6 4 4 1
V 5 4 4 1
H 13 1 1 4
V 10 2 4 1
V 9 2 4 1
H 9 1 1 4
V 6 4 4 1
V 6 4 2 1
H 8 8 1 6
H 8 8 1 4
V 5 8 8 1
H 12 5 1 4
H 12 5 1 2
V 12 5 2 1
H 13 2 1 4
H 13 2 1 2
V 10 2 4 1
V 9 2 4 1
H 9 1 1 4
V 8 4 2 1
V 7 4 2 1
V 1 8 12 1
V 5 8 8 1
H 12 5 1 4
H 12 5 1 2
V 12 5 2 1
H 13 2 1 4
H 13 2 1 2
V 10 2 4 1
V 9 2 4 1
H 9 1 1 4
V 8 4 2 1
H 2 7 1 2
V 1 8 12 1
V 5 8 8 1
H 12 5 1 4
H 12 5 1 2
V 12 5 2 1
H 13 2 1 4
H 13 2 1 2
V 10 2 4 1
V 9 2 4 1
H 9 1 1 4
V 2 6 2 1
H 2 6 1 2
H 2 7 1 2
V 1 8 12 1
V 5 8 8 1
H 12 5 1 4
H 12 5 1 2
V 12 5 2 1
H 13 2 1 4
H 13 2 1 2
V 10 2 4 1
V 9 2 4 1
H 9 2 1 2
H 12 7 1 2
V 1 8 12 1
V 1 8 6 1
H 3 8 1 2
H 3 9 1 2
V 2 10 2 1
H 2 10 1 2
H 2 11 1 2
H 2 10 1 2
H 2 0 1 4
V 2 0 4 1
V 3 0 4 1
H 6 0 1 2
V 6 1 4 1
V 8 1 2 1
H 9 1 1 2
V 9 2 4 1
V 10 2 4 1
H 13 1 1 4
H 13 4 1 2
V 12 5 2 1
H 12 5 1 4
H 12 7 1 2
V 5 8 8 1
H 8 8 1 6
H 8 10 1 4
V 8 13 2 1
V 9 13 2 1
H 10 12 1 2
V 5 8 4 1
H 8 8 1 6
H 8 10 1 4
V 8 13 2 1
V 9 13 2 1
V 5 0 2 1
H 6 0 1 2
V 6 1 4 1
V 8 1 2 1
H 9 1 1 2
V 9 2 4 1
V 10 2 4 1
H 13 1 1 4
H 13 4 1 2
V 12 5 2 1
H 12 5 1 4
H 12 7 1 2
V 5 8 8 1
H 8 8 1 6
H 8 10 1 4
V 8 13 2 1
V 1 8 12 1
H 8 8 1 6
H 8 10 1 4
H 9 1 1 2
V 9 2 4 1
V 10 2 4 1
H 13 1 1 4
H 13 4 1 2
V 12 5 2 1
H 12 5 1 4
H 12 7 1 2
V 5 8 8 1
H 8 8 1 4
H 8 9 1 4
V 1 8 8 1
H 8 8 1 4
H 8 10 1 2
V 8 1 2 1
H 9 1 1 2
V 9 2 4 1
V 10 2 4 1
H 13 1 1 4
H 13 4 1 2
V 12 5 2 1
H 12 5 1 4
H 12 7 1 2
V 5 8 8 1
H 8 8 1 2
H 8 9 1 2
H 13 1 1 4
H 13 4 1 2
V 12 5 2 1
H 12 5 1 4
H 12 7 1 2
V 5 8 8 1
H 8 8 1 2
V 9 8 4 1
H 12 5 1 4
H 12 5 1 2
V 12 5 2 1
H 13 2 1 4
H 13 1 1 4
V 13 1 4 1
H 15 1 1 2
H 15 2 1 2
V 15 3 2 1
H 16 3 1 2
H 16 4 1 2
V 16 5 2 1
H 17 5 1 6
H 17 6 1 6
V 0 15 10 1
V 3 15 8 1
H 10 15 1 2
V 10 16 2 1
H 11 16 1 4
H 11 18 1 2
V 8 19 4 1
V 8 19 2 1
H 8 18 1 2
V 1 18 8 1
V 3 18 2 1
H 3 18 1 2
V 7 18 2 1
H 8 18 1 2
V 8 19 4 1
V 10 19 2 1
H 11 18 1 2
V 11 18 6 1
H 14 17 1 2
H 14 16 1 2
V 14 16 2 1
H 15 15 1 2
H 15 14 1 2
V 15 14 4 1
V 17 14 2 1
H 18 13 1 2
H 18 12 1 2
V 18 12 2 1
H 19 11 1 2
H 19 10 1 2
V 18 10 2 1
V 17 10 2 1
H 17 7 1 4
V 16 8 2 1
V 9 15 2 1
H 10 15 1 2
V 10 16 2 1
H 11 16 1 4
V 11 18 6 1
H 14 17 1 2
H 14 16 1 2
V 14 16 2 1
H 15 15 1 2
H 15 14 1 2
V 15 14 4 1
V 17 14 2 1
H 18 13 1 2
H 18 12 1 2
V 18 12 2 1
H 19 11 1 2
H 19 10 1 2
V 18 10 2 1
V 17 10 2 1
H 17 5 1 6
H 17 6 1 2
V 17 6 2 1
V 18 6 2 1
H 19 5 1 2
H 19 4 1 2
V 18 4 2 1
H 12 5 1 4
H 12 5 1 2
V 12 5 2 1
H 13 2 1 4
H 13 1 1 4
V 13 1 4 1
H 15 1 1 2
H 15 2 1 2
V 15 3 2 1
H 16 3 1 2
H 16 4 1 2
V 16 5 2 1
H 17 5 1 2
V 17 6 2 1
V 18 6 2 1
H 19 5 1 2
H 19 4 1 2
H 11 18 1 2
V 11 18 6 1
H 14 17 1 2
H 14 16 1 2
V 14 16 2 1
H 15 15 1 2
H 15 14 1 2
V 15 14 4 1
V 17 14 2 1
H 18 13 1 2
H 18 12 1 2
V 18 12 2 1
H 19 11 1 2
H 19 10 1 2
V 18 10 2 1
V 17 10 2 1
H 17 5 1 6
H 17 5 1 4
V 16 5 2 1
H 16 4 1 2
H 16 3 1 2
V 15 3 2 1
H 15 2 1 2
H 15 1 1 2
V 15 1 2 1
V 16 5 2 1
H 17 5 1 6
H 17 7 1 4
V 17 10 2 1
V 18 10 2 1
H 19 10 1 2
H 19 11 1 2
V 18 12 2 1
H 18 12 1 2
H 18 13 1 2
V 15 14 4 1
V 15 14 2 1
H 15 14 1 2
H 15 15 1 2
V 14 16 2 1
H 14 16 1 2
H 14 17 1 2
V 11 18 6 1
H 11 16 1 4
V 10 16 2 1
H 10 15 1 2
V 1 15 10 1
V 4 15 2 1
H 4 15 1 2
H 4 16 1 2
V 4 17 2 1
V 5 15 6 1
H 10 15 1 2
V 10 16 2 1
H 11 16 1 4
V 11 18 6 1
H 14 17 1 2
H 14 16 1 2
V 14 16 2 1
H 15 15 1 2
H 15 14 1 2
V 15 14 4 1
V 17 14 2 1
H 18 13 1 2
H 18 12 1 2
V 18 12 2 1
H 19 11 1 2
H 19 10 1 2
V 18 10 2 1
V 17 10 2 1
H 17 5 1 6
H 17 6 1 2
V 17 6 2 1
V 18 6 2 1
H 19 5 1 2
H 18 2 1 2
V 15 3 4 1
H 16 3 1 2
H 16 4 1 2
V 16 5 2 1
H 17 5 1 2
V 17 6 2 1
V 18 6 2 1
H 18 13 1 2
H 18 12 1 2
V 18 12 2 1
H 19 11 1 2
H 19 10 1 2
V 18 10 2 1
V 17 10 2 1
H 17 5 1 6
H 17 6 1 2
V 17 6 2 1
H 3 9 1 2
H 3 8 1 2
V 1 8 12 1
V 7 8 6 1
H 12 5 1 4
H 12 5 1 2
V 12 5 2 1
H 13 2 1 4
H 13 1 1 4
V 13 1 2 1
V 14 1 2 1
H 15 1 1 2
H 15 2 1 2
V 15 3 4 1
V 17 3 2 1
H 18 2 1 2
H 18 1 1 2
H 16 3 1 2
V 15 3 4 1
H 18 2 1 2
H 17 5 1 6
H 17 5 1 2
V 16 5 2 1
H 16 4 1 2
H 16 3 1 2
V 15 3 4 1
H 12 5 1 2
V 12 5 2 1
H 13 2 1 4
H 13 1 1 4
V 13 1 2 1
V 14 1 2 1
H 15 1 1 2
H 15 2 1 2
V 15 3 2 1
V 16 3 2 1
H 17 7 1 4
V 17 10 2 1
V 18 10 2 1
H 19 10 1 2
H 19 11 1 2
V 18 12 2 1
H 18 12 1 2
H 18 13 1 2
V 15 14 4 1
V 15 14 2 1
H 15 14 1 2
H 15 15 1 2
V 14 16 2 1
H 14 16 1 2
H 14 17 1 2
V 11 18 6 1
H 11 16 1 4
V 10 16 2 1
H 10 15 1 2
V 1 15 10 1
V 4 15 2 1
H 4 15 1 2
H 4 16 1 2
V 1 18 8 1
V 7 18 2 1
H 8 18 1 2
V 8 19 4 1
V 10 19 2 1
H 11 16 1 4
H 11 16 1 2
V 10 16 2 1
H 10 15 1 2
V 1 15 10 1
V 4 15 2 1
H 4 15 1 2
V 18 12 2 1
H 18 12 1 2
H 18 13 1 2
V 15 14 4 1
V 15 14 2 1
H 15 14 1 2
H 15 15 1 2
V 14 16 2 1
H 14 16 1 2
H 14 17 1 2
V 11 18 6 1
H 11 18 1 2
V 8 19 4 1
V 8 19 2 1
H 8 18 1 2
V 1 18 8 1
V 1 18 6 1
H 1 18 1 2
V 0 19 2 1
V 1 18 6 1
H 1 18 1 2
V 0 15 10 1
V 9 15 2 1
H 10 15 1 2
V 10 16 2 1
H 11 16 1 4
H 11 18 1 2
V 8 19 4 1
V 8 19 2 1
H 8 18 1 2
V 1 18 8 1
V 1 18 6 1
H 8 18 1 2
V 3 18 6 1
V 3 18 4 1
V 15 14 4 1
H 18 13 1 2
H 18 12 1 2
V 18 12 2 1
H 19 11 1 2
H 19 10 1 2
V 18 10 2 1
V 17 10 2 1
H 17 5 1 6
H 17 5 1 4
V 16 5 2 1
H 16 4 1 2
H 16 3 1 2
V 15 3 2 1
H 15 2 1 2
H 15 1 1 2
V 14 1 2 1
V 13 1 2 1
H 13 1 1 4
H 13 2 1 4
V 12 5 2 1
H 12 5 1 4
H 12 7 1 2
V 1 8 12 1
V 1 8 8 1
H 2 7 1 2
H 2 6 1 2
V 2 6 2 1
H 2 6 1 2
H 15 15 1 2
H 15 14 1 2
V 15 14 4 1
V 17 14 2 1
H 18 13 1 2
H 18 12 1 2
V 18 12 2 1
H 19 11 1 2
H 19 10 1 2
V 18 10 2 1
V 17 10 2 1
H 17 5 1 6
H 17 5 1 4
V 16 5 2 1
H 16 4 1 2
H 16 3 1 2
V 15 3 2 1
H 15 2 1 2
H 15 1 1 2
V 14 1 2 1
V 13 1 2 1
H 13 1 1 4
H 13 2 1 4
V 12 5 2 1
H 12 5 1 4
H 12 7 1 2
V 1 8 12 1
V 1 8 8 1
H 2 7 1 2
H 13 2 1 4
H 13 1 1 4
V 13 1 2 1
V 14 1 2 1
H 15 1 1 2
H 15 2 1 2
V 15 3 2 1
H 16 3 1 2
H 16 4 1 2
V 16 5 2 1
H 17 5 1 6
H 17 7 1 4
V 17 10 2 1
V 18 10 2 1
H 19 10 1 2
H 19 11 1 2
V 18 12 2 1
H 18 12 1 2
H 18 13 1 2
V 15 14 4 1
V 15 14 2 1
H 15 14 1 2
H 15 15 1 2
V 14 16 2 1
H 14 16 1 2
H 14 17 1 2
V 11 18 6 1
H 11 18 1 2
V 8 19 4 1
V 8 19 2 1
H 8 18 1 2
V 5 18 4 1
V 4 18 4 1
H 8 18 1 2
V 5 18 4 1
V 5 18 2 1
H 19 11 1 2
V 18 12 2 1
H 18 12 1 2
H 18 13 1 2
V 15 14 4 1
V 15 14 2 1
H 15 14 1 2
H 15 15 1 2
V 14 16 2 1
H 14 16 1 2
H 14 17 1 2
V 11 18 6 1
H 11 18 1 2
V 8 19 4 1
V 8 19 2 1
H 8 18 1 2
V 7 18 2 1
V 6 18 2 1
V 8 19 2 1
H 8 18 1 2
V 7 18 2 1
V 11 18 4 1
H 11 18 1 2
V 8 19 4 1
V 8 19 2 1
H 1 15 1 2
V 0 15 10 1
V 3 15 8 1
H 10 15 1 2
V 10 16 2 1
H 11 16 1 4
H 11 18 1 2
V 10 19 2 1
V 9 19 2 1
H 13 2 1 4
H 13 1 1 4
V 13 1 2 1
V 14 1 2 1
H 15 1 1 2
H 15 2 1 2
V 15 3 2 1
H 16 3 1 2
H 16 4 1 2
V 16 5 2 1
H 17 5 1 6
H 17 7 1 4
V 17 10 2 1
V 18 10 2 1
H 19 10 1 2
H 19 11 1 2
V 18 12 2 1
H 18 12 1 2
H 18 13 1 2
V 15 14 4 1
V 15 14 2 1
H 15 14 1 2
H 15 15 1 2
V 14 16 2 1
H 14 16 1 2
H 14 17 1 2
V 11 18 6 1
H 11 18 1 2
V 15 14 4 1
V 17 14 2 1
H 18 13 1 2
H 18 12 1 2
V 18 12 2 1
H 19 11 1 2
H 19 10 1 2
V 18 10 2 1
V 17 10 2 1
H 17 5 1 6
H 17 5 1 4
V 16 5 2 1
H 16 4 1 2
H 16 3 1 2
V 15 3 2 1
H 15 2 1 2
H 15 1 1 2
V 14 1 2 1
V 13 1 2 1
H 13 1 1 2
V 10 2 4 1
V 9 2 4 1
H 9 1 1 2
V 6 1 4 1
V 6 1 2 1
H 6 0 1 2
V 3 0 4 1
V 2 0 4 1
H 2 0 1 4
H 2 2 1 2
V 1 3 2 1
H 1 2 1 2
H 1 1 1 2
V 2 0 4 1
H 2 0 1 4
H 2 2 1 2
V 1 3 2 1
H 1 2 1 2
V 6 1 4 1
V 6 1 2 1
H 6 0 1 2
V 3 0 4 1
V 2 0 4 1
H 2 0 1 4
H 2 2 1 2
V 1 3 2 1
V 2 0 4 1
V 2 0 2 1
H 2 0 1 4
H 2 2 1 2
V 12 5 2 1
H 13 2 1 4
H 13 2 1 2
V 10 2 4 1
V 9 2 4 1
H 9 1 1 2
V 6 1 4 1
V 6 1 2 1
H 6 0 1 2
V 3 0 4 1
V 2 0 4 1
H 2 0 1 2
H 2 1 1 2
V 9 2 4 1
H 9 1 1 2
V 6 1 4 1
V 6 1 2 1
H 6 0 1 2
V 3 0 4 1
V 2 0 4 1
H 2 0 1 2
V 17 14 2 1
H 18 13 1 2
H 18 12 1 2
V 18 12 2 1
H 19 11 1 2
H 19 10 1 2
V 18 10 2 1
V 17 10 2 1
H 17 5 1 6
H 17 5 1 4
V 16 5 2 1
H 16 4 1 2
H 16 3 1 2
V 15 3 2 1
H 15 2 1 2
H 15 1 1 2
V 14 1 2 1
V 13 1 2 1
H 13 1 1 4
H 13 2 1 4
V 12 5 2 1
H 12 5 1 4
H 12 7 1 2
V 1 8 12 1
V 1 8 6 1
H 3 8 1 2
H 3 9 1 2
V 2 10 2 1
V 1 10 2 1
H 13 1 1 4
H 13 2 1 4
V 12 5 2 1
H 12 5 1 4
H 12 7 1 2
V 1 8 12 1
V 1 8 6 1
H 3 8 1 2
H 3 9 1 2
V 2 10 2 1
V 9 2 4 1
V 12 2 2 1
H 13 1 1 4
H 13 4 1 2
V 12 5 2 1
H 12 5 1 4
H 12 7 1 2
V 1 8 12 1
V 1 8 6 1
H 3 8 1 2
V 7 8 6 1
H 12 5 1 4
H 12 5 1 2
V 12 5 2 1
H 13 2 1 4
H 13 1 1 4
V 13 1 2 1
V 14 1 2 1
H 15 1 1 2
H 15 2 1 2
V 15 3 2 1
H 16 3 1 2
H 16 4 1 2
V 16 5 2 1
H 17 5 1 6
H 17 7 1 4
V 17 10 2 1
V 18 10 2 1
H 19 10 1 2
H 19 11 1 2
V 18 12 2 1
H 18 12 1 2
H 18 13 1 2
V 15 14 4 1
V 15 14 2 1
H 15 14 1 2
H 15 15 1 2
V 14 16 2 1
H 14 16 1 2
H 14 17 1 2
V 12 18 6 1
V 15 14 4 1
H 15 14 1 2
H 15 15 1 2
V 14 16 2 1
H 14 16 1 2
H 14 17 1 2
V 13 18 4 1
H 10 15 1 2
V 10 16 2 1
H 11 16 1 2
H 11 17 1 2
V 11 18 4 1
V 12 18 4 1
V 13 18 2 1
H 14 17 1 2
H 14 16 1 2
V 14 16 2 1
H 15 15 1 2
H 15 14 1 2
V 15 14 4 1
V 17 14 2 1
H 18 13 1 2
H 18 12 1 2
V 18 12 2 1
H 19 11 1 2
H 19 10 1 2
V 18 10 2 1
V 17 10 2 1
H 17 5 1 6
H 17 5 1 4
V 16 5 2 1
H 16 4 1 2
H 16 3 1 2
V 15 3 2 1
H 15 2 1 2
H 15 1 1 2
V 14 1 2 1
V 13 1 2 1
H 13 1 1 4
H 13 2 1 4
V 12 5 2 1
H 12 5 1 4
H 12 7 1 2
V 1 8 12 1
V 1 8 10 1
H 17 5 1 6
H 17 5 1 4
V 16 5 2 1
H 16 4 1 2
H 16 3 1 2
V 15 3 2 1
H 15 2 1 2
H 15 1 1 2
V 14 1 2 1
V 13 1 2 1
H 13 1 1 4
H 13 2 1 4
V 12 5 2 1
H 12 5 1 4
H 12 7 1 2
V 3 8 10 1
V 2 8 10 1
V 2 0 4 1
V 3 0 4 1
H 6 0 1 2
V 6 1 4 1
V 8 1 2 1
H 9 1 1 2
V 9 2 4 1
V 10 2 4 1
H 13 1 1 4
H 13 4 1 2
V 12 5 2 1
H 12 5 1 4
H 12 7 1 2
V 3 8 10 1
V 3 8 8 1
V 4 8 2 1
V 14 1 2 1
V 13 1 2 1
H 13 1 1 4
H 13 2 1 4
V 12 5 2 1
H 12 5 1 4
H 12 7 1 2
V 5 8 8 1
V 5 8 6 1
V 6 8 6 1
V 6 8 4 1
H 13 1 1 4
H 13 4 1 2
V 12 5 2 1
H 12 5 1 4
H 12 7 1 2
V 7 8 6 1
V 7 8 4 1
H 13 2 1 4
V 12 5 2 1
H 12 5 1 4
H 12 7 1 2
V 9 8 4 1
V 8 8 4 1
V 9 8 4 1
V 9 8 2 1
V 3 0 4 1
H 6 0 1 2
V 6 1 4 1
V 8 1 2 1
H 9 1 1 2
V 9 2 4 1
V 10 2 4 1
H 13 1 1 4
H 13 4 1 2
V 12 5 2 1
H 12 5 1 4
H 12 7 1 2
V 11 8 2 1
V 10 8 2 1
H 17 5 1 6
V 16 5 2 1
H 16 4 1 2
H 16 3 1 2
V 15 3 2 1
H 15 2 1 2
H 15 1 1 2
V 14 1 2 1
V 13 1 2 1
H 13 1 1 4
H 13 2 1 4
V 12 5 2 1
H 12 5 1 4
H 12 7 1 2
V 11 8 2 1
H 19 11 1 2
H 19 10 1 2
V 18 10 2 1
V 17 10 2 1
H 17 5 1 6
H 17 5 1 4
V 16 5 2 1
H 16 4 1 2
H 16 3 1 2
V 15 3 2 1
H 15 2 1 2
H 15 1 1 2
V 14 1 2 1
V 13 1 2 1
H 13 1 1 4
H 13 2 1 4
V 12 5 2 1
H 12 5 1 4
H 12 7 1 2
H 15 1 1 2
H 15 2 1 2
V 15 3 2 1
H 16 3 1 2
H 16 4 1 2
V 16 5 2 1
H 17 5 1 6
H 17 7 1 4
V 17 10 2 1
V 18 10 2 1
H 19 10 1 2
H 19 11 1 2
V 18 12 2 1
H 18 12 1 2
H 18 13 1 2
V 15 14 4 1
V 15 14 2 1
H 15 14 1 2
H 15 15 1 2
V 14 16 2 1
H 14 16 1 2
H 14 17 1 2
V 11 18 4 1
V 11 18 2 1
H 11 17 1 2
H 11 16 1 2
V 10 16 2 1
H 10 15 1 2
V 1 15 10 1
V 0 15 8 1
H 1 15 1 2
H 1 16 1 2
V 0 17 2 1
H 1 15 1 2
V 0 15 10 1
V 3 15 8 1
H 10 15 1 2
V 10 16 2 1
H 11 16 1 2
H 11 17 1 2
V 11 18 4 1
V 13 18 2 1
H 14 17 1 2
H 14 16 1 2
V 14 16 2 1
H 15 15 1 2
H 15 14 1 2
V 15 14 4 1
V 17 14 2 1
H 18 13 1 2
H 18 12 1 2
V 18 12 2 1
H 19 11 1 2
H 19 10 1 2
V 18 10 2 1
V 17 10 2 1
H 17 5 1 6
H 17 5 1 4
V 16 5 2 1
H 16 4 1 2
H 16 3 1 2
V 15 3 2 1
H 15 2 1 2
H 15 1 1 2
V 14 1 2 1
V 13 1 2 1
H 13 1 1 4
H 13 2 1 4
V 12 5 2 1
H 12 5 1 2
H 12 6 1 2
H 9 1 1 2
V 9 2 4 1
V 10 2 4 1
H 13 1 1 4
H 13 4 1 2
V 12 5 2 1
H 12 5 1 2
V 13 18 2 1
H 14 17 1 2
H 14 16 1 2
V 14 16 2 1
H 15 15 1 2
H 15 14 1 2
V 15 14 4 1
V 17 14 2 1
H 18 13 1 2
H 18 12 1 2
V 18 12 2 1
H 19 11 1 2
H 19 10 1 2
V 18 10 2 1
V 17 10 2 1
H 17 5 1 6
H 17 5 1 4
V 16 5 2 1
H 16 4 1 2
H 16 3 1 2
V 15 3 2 1
H 15 2 1 2
H 15 1 1 2
V 14 1 2 1
V 13 1 2 1
H 13 1 1 4
H 13 2 1 4
V 12 5 2 1
H 15 2 1 2
H 15 1 1 2
V 14 1 2 1
V 13 1 2 1
H 13 1 1 4
H 13 2 1 4
H 9 1 1 2
V 9 2 4 1
V 10 2 4 1
H 13 1 1 4
V 18 12 2 1
H 19 11 1 2
H 19 10 1 2
V 18 10 2 1
V 17 10 2 1
H 17 5 1 6
H 17 5 1 4
V 16 5 2 1
H 16 4 1 2
H 16 3 1 2
V 15 3 2 1
H 15 2 1 2
H 15 1 1 2
V 14 1 2 1
V 13 1 2 1
H 13 1 1 2
H 13 2 1 2
V 9 2 4 1
V 12 2 2 1
H 13 1 1 2
V 13 1 2 1
V 14 1 2 1
H 15 1 1 2
H 15 2 1 2
V 15 3 2 1
H 16 3 1 2
H 16 4 1 2
V 16 5 2 1
H 17 5 1 6
H 17 7 1 4
V 17 10 2 1
V 18 10 2 1
H 19 10 1 2
H 19 11 1 2
V 18 12 2 1
H 18 12 1 2
H 18 13 1 2
V 15 14 4 1
V 15 14 2 1
H 15 14 1 2
H 15 15 1 2
V 14 16 2 1
H 14 16 1 2
H 14 17 1 2
V 11 18 4 1
V 11 18 2 1
H 11 17 1 2
H 11 16 1 2
V 10 16 2 1
H 10 15 1 2
V 1 15 10 1
V 0 15 8 1
H 1 15 1 2
H 1 16 1 2
V 0 15 8 1
H 1 15 1 2
V 5 0 2 1
H 6 0 1 2
V 6 1 4 1
V 8 1 2 1
H 9 1 1 2
V 9 2 4 1
V 10 2 4 1
H 13 1 1 2
V 13 1 2 1
V 14 1 2 1
H 15 1 1 2
H 15 2 1 2
V 15 3 2 1
H 16 3 1 2
H 16 4 1 2
V 16 5 2 1
H 17 5 1 6
H 17 7 1 4
V 17 10 2 1
V 18 10 2 1
H 19 10 1 2
H 19 11 1 2
V 18 12 2 1
H 18 12 1 2
H 18 13 1 2
V 15 14 4 1
V 15 14 2 1
H 15 14 1 2
H 15 15 1 2
V 14 16 2 1
H 14 16 1 2
H 14 17 1 2
V 11 18 4 1
V 11 18 2 1
H 11 17 1 2
H 11 16 1 2
V 10 16 2 1
H 10 15 1 2
V 1 15 10 1
V 0 15 10 1
V 1 15 10 1
V 2 15 6 1
H 10 15 1 2
V 3 15 8 1
V 3 15 6 1
V 13 1 2 1
V 14 1 2 1
H 15 1 1 2
H 15 2 1 2
V 15 3 2 1
H 16 3 1 2
H 16 4 1 2
V 16 5 2 1
H 17 5 1 6
H 17 7 1 4
V 17 10 2 1
V 18 10 2 1
H 19 10 1 2
H 19 11 1 2
V 18 12 2 1
H 18 12 1 2
H 18 13 1 2
V 15 14 4 1
V 15 14 2 1
H 15 14 1 2
H 15 15 1 2
V 14 16 2 1
H 14 16 1 2
H 14 17 1 2
V 11 18 4 1
V 11 18 2 1
H 11 17 1 2
H 11 16 1 2
V 10 16 2 1
H 10 15 1 2
V 5 15 6 1
V 4 15 6 1
V 5 15 2 1
V 6 15 4 1
V 11 18 2 1
H 11 17 1 2
H 11 16 1 2
V 10 16 2 1
H 10 15 1 2
V 7 15 4 1
V 7 15 2 1
V 6 1 4 1
V 8 1 2 1
H 9 1 1 2
V 9 2 4 1
V 10 2 4 1
H 13 1 1 2
V 13 1 2 1
V 14 1 2 1
H 15 1 1 2
H 15 2 1 2
V 15 3 2 1
H 16 3 1 2
H 16 4 1 2
V 16 5 2 1
H 17 5 1 6
H 17 7 1 4
V 17 10 2 1
V 18 10 2 1
H 19 10 1 2
H 19 11 1 2
V 18 12 2 1
H 18 12 1 2
H 18 13 1 2
V 15 14 4 1
V 15 14 2 1
H 15 14 1 2
H 15 15 1 2
V 14 16 2 1
H 14 16 1 2
H 14 17 1 2
V 11 18 4 1
V 11 18 2 1
H 11 17 1 2
H 11 16 1 2
V 10 16 2 1
H 10 15 1 2
V 9 15 2 1
V 8 15 2 1
H 9 1 1 2
V 9 2 4 1
V 10 2 4 1
H 13 1 1 2
V 13 1 2 1
V 14 1 2 1
H 15 1 1 2
H 15 2 1 2
V 15 3 2 1
H 16 3 1 2
H 16 4 1 2
V 16 5 2 1
H 17 5 1 6
H 17 7 1 4
V 17 10 2 1
V 18 10 2 1
H 19 10 1 2
H 19 11 1 2
V 18 12 2 1
H 18 12 1 2
H 18 13 1 2
V 15 14 4 1
V 15 14 2 1
H 15 14 1 2
H 15 15 1 2
V 14 16 2 1
H 14 16 1 2
H 14 17 1 2
V 11 18 4 1
V 11 18 2 1
H 11 17 1 2
H 11 16 1 2
V 10 16 2 1
H 10 15 1 2
V 9 15 2 1
V 16 5 2 1
H 17 5 1 6
H 17 7 1 4
V 17 10 2 1
V 18 10 2 1
H 19 10 1 2
H 19 11 1 2
V 18 12 2 1
H 18 12 1 2
H 18 13 1 2
V 15 14 4 1
V 15 14 2 1
H 15 14 1 2
H 15 15 1 2
V 14 16 2 1
H 14 16 1 2
H 14 17 1 2
V 11 18 4 1
V 11 18 2 1
H 11 17 1 2
H 11 16 1 2
V 10 16 2 1
H 10 15 1 2
H 14 17 1 2
V 11 18 4 1
V 11 18 2 1
H 11 17 1 2
H 11 16 1 2
V 17 10 2 1
V 18 10 2 1
H 19 10 1 2
H 19 11 1 2
V 18 12 2 1
H 18 12 1 2
H 18 13 1 2
V 15 14 4 1
V 15 14 2 1
H 15 14 1 2
H 15 15 1 2
V 14 16 2 1
H 14 16 1 2
H 14 17 1 2
V 11 18 4 1
V 11 18 2 1
H 11 17 1 2
V 18 12 2 1
H 18 12 1 2
H 18 13 1 2
V 15 14 4 1
V 15 14 2 1
H 15 14 1 2
H 15 15 1 2
V 14 16 2 1
H 14 16 1 2
H 14 17 1 2
V 11 18 4 1
V 11 18 2 1
V 13 18 2 1
V 12 18 2 1
H 15 15 1 2
V 14 16 2 1
H 14 16 1 2
H 14 17 1 2
V 13 18 2 1
V 15 14 2 1
H 15 14 1 2
H 15 15 1 2
V 14 16 2 1
H 14 16 1 2
H 14 17 1 2
H 15 14 1 2
H 15 15 1 2
V 14 16 2 1
H 14 16 1 2
V 14 16 2 1
H 17 5 1 6
H 17 9 1 2
V 17 10 2 1
V 18 10 2 1
H 19 10 1 2
H 19 11 1 2
V 18 12 2 1
H 18 12 1 2
H 18 13 1 2
V 15 14 4 1
V 15 14 2 1
H 15 14 1 2
H 15 15 1 2
H 18 12 1 2
H 18 13 1 2
V 15 14 4 1
V 15 14 2 1
H 15 14 1 2
H 17 9 1 2
V 17 10 2 1
V 18 10 2 1
H 19 10 1 2
H 19 11 1 2
V 18 12 2 1
H 18 12 1 2
H 18 13 1 2
V 15 14 4 1
V 15 14 2 1
H 17 7 1 4
V 17 10 2 1
V 18 10 2 1
H 19 10 1 2
H 19 11 1 2
V 18 12 2 1
H 18 12 1 2
H 18 13 1 2
V 17 14 2 1
V 16 14 2 1
H 19 11 1 2
V 18 12 2 1
H 18 12 1 2
H 18 13 1 2
V 17 14 2 1
H 17 5 1 6
V 17 10 2 1
V 18 10 2 1
H 19 10 1 2
H 19 11 1 2
V 18 12 2 1
H 18 12 1 2
H 18 13 1 2
H 17 5 1 6
V 17 10 2 1
V 18 10 2 1
H 19 10 1 2
H 19 11 1 2
V 18 12 2 1
H 18 12 1 2
H 15 2 1 2
V 15 3 2 1
H 16 3 1 2
H 16 4 1 2
V 16 5 2 1
H 17 5 1 6
H 17 7 1 4
V 17 10 2 1
V 18 10 2 1
H 19 10 1 2
H 19 11 1 2
V 18 12 2 1
V 15 3 2 1
H 16 3 1 2
H 16 4 1 2
V 16 5 2 1
H 17 5 1 6
H 17 7 1 4
V 17 10 2 1
V 18 10 2 1
H 19 10 1 2
H 19 11 1 2
V 16 5 2 1
H 17 5 1 6
H 17 7 1 4
V 17 10 2 1
V 18 10 2 1
H 19 10 1 2
V 16 5 2 1
H 17 5 1 6
H 17 7 1 4
V 17 10 2 1
V 18 10 2 1
V 13 1 2 1
V 14 1 2 1
H 15 1 1 2
H 15 2 1 2
V 15 3 2 1
H 16 3 1 2
H 16 4 1 2
V 16 5 2 1
H 17 5 1 6
H 17 7 1 4
V 17 10 2 1
V 16 5 2 1
H 17 5 1 6
H 17 7 1 4
V 10 2 4 1
H 13 1 1 2
V 13 1 2 1
V 14 1 2 1
H 15 1 1 2
H 15 2 1 2
V 15 3 2 1
H 16 3 1 2
H 16 4 1 2
V 16 5 2 1
H 17 5 1 4
H 17 6 1 4
H 16 4 1 2
V 16 5 2 1
H 17 5 1 4
H 17 7 1 2
H 17 6 1 2
H 16 3 1 2
H 16 4 1 2
V 16 5 2 1
H 17 5 1 2
H 16 3 1 2
H 16 4 1 2
V 16 5 2 1
H 16 3 1 2
H 16 4 1 2
V 6 1 4 1
H 9 1 1 2
V 9 2 4 1
V 10 2 4 1
H 13 1 1 2
V 13 1 2 1
V 14 1 2 1
H 15 1 1 2
H 15 2 1 2
V 15 3 2 1
H 16 3 1 2
V 9 2 4 1
V 10 2 4 1
H 13 1 1 2
V 13 1 2 1
V 14 1 2 1
H 15 1 1 2
H 15 2 1 2
V 15 3 2 1
V 14 1 2 1
H 15 1 1 2
H 15 2 1 2
V 3 0 4 1
H 6 0 1 2
V 6 1 4 1
V 8 1 2 1
H 9 1 1 2
V 9 2 4 1
V 10 2 4 1
H 13 1 1 2
V 13 1 2 1
V 14 1 2 1
H 15 1 1 2
H 13 1 1 2
V 13 1 2 1
V 14 1 2 1
V 10 2 4 1
H 13 1 1 2
V 13 1 2 1
H 9 1 1 2
V 9 2 4 1
V 10 2 4 1
H 13 1 1 2
V 2 0 4 1
V 5 0 2 1
H 6 0 1 2
V 6 1 4 1
V 8 1 2 1
H 9 1 1 2
V 9 2 4 1
V 10 2 4 1
V 6 1 4 1
H 9 1 1 2
V 9 2 4 1
V 11 2 2 1
H 9 1 1 2
V 6 1 4 1
V 6 1 2 1
H 6 0 1 2
V 3 0 4 1
V 2 0 4 1
V 6 1 2 1
H 6 0 1 2
V 3 0 4 1
V 3 0 2 1
H 6 0 1 2
V 5 0 2 1
V 4 0 2 1
V 6 1 4 1
V 8 1 2 1
H 9 1 1 2
V 9 2 2 1
V 10 2 2 1
V 6 1 4 1
V 8 1 2 1
H 9 1 1 2
V 9 2 2 1
V 8 1 2 1
H 9 1 1 2
V 6 1 4 1
H 6 0 1 2
V 5 0 2 1
V 6 1 4 1
V 8 1 2 1
V 6 1 2 1
H 6 0 1 2
V 7 1 2 1
V 6 1 2 1
V 7 1 2 1
