20
104 370 68 108 171 190 337 94 341 37 396 334 225 9 281 286 385 270 152 366
212 208 15 80 45 239 41 36 210 17 135 8 75 27 249 258 165 307 28 162
350 310 114 246 340 359 5 62 361 131 375 194 88 116 48 293 196 238 180 355
142 175 192 285 51 3 389 137 153 117 226 220 365 102 237 93 362 32 248 178
395 110 18 306 346 388 207 227 336 391 188 125 323 205 145 16 345 358 126 357
79 304 124 20 218 98 255 262 195 103 231 70 280 384 78 287 376 209 394 76
339 316 338 151 347 324 302 133 122 6 356 121 100 95 320 183 274 185 233 245
173 43 292 111 46 65 322 387 87 143 260 380 107 26 55 276 235 311 58 96
264 279 11 348 176 222 54 335 184 329 200 202 294 272 160 321 268 363 229 352
72 234 383 140 22 115 232 343 353 85 351 60 327 141 13 236 314 247 86 303
275 261 382 259 250 101 174 164 159 309 130 392 29 149 354 82 167 319 318 252
64 253 299 31 203 342 109 14 7 158 71 254 215 221 381 315 21 144 155 49
186 374 25 211 19 168 269 199 150 163 308 69 67 378 77 105 113 241 157 154
313 156 1 201 138 390 161 81 59 139 132 373 386 0 10 120 240 35 371 291
283 277 61 74 12 296 97 282 63 265 312 89 326 119 330 289 24 271 34 182
301 333 42 397 118 367 219 57 187 206 305 217 30 2 216 136 251 295 189 228
191 213 298 377 56 84 360 128 170 106 297 300 66 148 127 172 369 50 40 38
193 197 99 179 147 284 243 204 325 112 198 290 33 273 90 267 146 244 288 399
266 242 223 123 256 393 53 257 344 4 177 230 91 83 398 278 52 224 169 47
349 328 73 166 379 372 181 214 134 44 332 263 364 317 331 368 39 92 129 23
0000100000001100010
0000100000001100010
0000100000001100010
0000100000001100010
0000100000001100010
0000100000000100010
0000100000000100010
1000100000000100010
1000100000000100010
1000000000000100010
1000000000000100000
1000000000000100000
1000000000000100000
1000000000000100000
1000000000000100000
1000000000000100000
1000000000000000000
1000000000000000000
1001000000000000000
1001000000000000000
00000000000000000000
11100000000000000000
00000000000000000000
00011000000000000000
00000000000000000000
00000000000000000000
00000000000000000000
00000000000000000000
00000000000000000000
00000000000000000000
00000000011111000000
00000000000000000000
00000000000000000000
00000111111111000000
00000000000000000000
00000000000000000000
00000000000000000000
00000000000000000000
00000000000000000000
